1.098756276071071625e+00
1.098792582750320435e+00
1.098716150969266891e+00
1.098827555775642395e+00
1.098809137940406799e+00
1.098840769380331039e+00
1.098752647638320923e+00
1.098751701414585114e+00
1.098651796579360962e+00
1.098806563764810562e+00
1.098883487284183502e+00
1.098893217742443085e+00
1.098927900195121765e+00
1.098793108016252518e+00
1.098800718784332275e+00
1.098825149238109589e+00
1.098864339292049408e+00
1.098862167447805405e+00
1.098843425512313843e+00
1.098842810839414597e+00
1.098876208066940308e+00
1.098721247166395187e+00
1.098775584250688553e+00
1.098744601011276245e+00
1.098791800439357758e+00
1.098802618682384491e+00
1.098836168646812439e+00
1.098796278238296509e+00
1.098865628242492676e+00
1.098742142319679260e+00
1.098750066012144089e+00
1.098713103681802750e+00
1.098849315196275711e+00
1.098778713494539261e+00
1.098765630275011063e+00
1.098753880709409714e+00
1.098711717873811722e+00
1.098847180604934692e+00
1.098843723535537720e+00
1.098810739815235138e+00
1.098743125796318054e+00
1.098811361938714981e+00
1.098744310438632965e+00
1.098768737167119980e+00
1.098780412226915359e+00
1.098892398178577423e+00
1.098946269601583481e+00
1.098742723464965820e+00
1.098794113844633102e+00
1.098745509982109070e+00
1.098906364291906357e+00
1.098722584545612335e+00
1.098805911839008331e+00
1.098705552518367767e+00
1.098759744316339493e+00
1.098880980163812637e+00
1.098694544285535812e+00
1.098735399544239044e+00
1.098691467195749283e+00
1.098834369331598282e+00
1.098700664937496185e+00
1.098897710442543030e+00
1.098728928714990616e+00
1.098816901445388794e+00
1.098891042172908783e+00
1.098922751843929291e+00
1.098925229161977768e+00
1.098793067038059235e+00
1.098723880946636200e+00
1.098709397017955780e+00
1.098709963262081146e+00
1.098792336881160736e+00
1.098811455070972443e+00
1.098690945655107498e+00
1.098750703036785126e+00
1.098782870918512344e+00
1.098720129579305649e+00
1.098733015358448029e+00
1.098803211003541946e+00
1.098707534372806549e+00
1.098685700446367264e+00
1.098870608955621719e+00
1.098791625350713730e+00
1.098871681839227676e+00
1.098844584077596664e+00
1.098826486617326736e+00
1.098693497478961945e+00
1.098699763417243958e+00
1.098814476281404495e+00
1.098687585443258286e+00
1.098985955119132996e+00
1.098704915493726730e+00
1.098775424063205719e+00
1.098855473101139069e+00
1.098747018724679947e+00
1.098774623125791550e+00
1.098661057651042938e+00
1.098791334778070450e+00
1.098752286285161972e+00
1.098739199340343475e+00
1.098840255290269852e+00
1.098800782114267349e+00
1.098762866109609604e+00
1.098786514252424240e+00
1.098734311759471893e+00
1.098707344383001328e+00
1.098756060004234314e+00
1.098779898136854172e+00
1.098851401358842850e+00
1.098808553069829941e+00
1.098781924694776535e+00
1.098736274987459183e+00
1.098789684474468231e+00
1.098783757537603378e+00
1.098750643432140350e+00
1.098723269999027252e+00
1.098743084818124771e+00
1.098767589777708054e+00
1.098776496946811676e+00
1.098762586712837219e+00
1.098734684288501740e+00
1.098767027258872986e+00
1.098686911165714264e+00
1.098749645054340363e+00
1.098808046430349350e+00
1.098753236234188080e+00
1.098690755665302277e+00
1.098717641085386276e+00
1.098756641149520874e+00
1.098670277744531631e+00
1.098824709653854370e+00
1.098790872842073441e+00
1.098765689879655838e+00
1.098786961287260056e+00
1.098817158490419388e+00
1.098835486918687820e+00
1.098754752427339554e+00
1.098764207214117050e+00
1.098723866045475006e+00
1.098796993494033813e+00
1.098903380334377289e+00
1.098716095089912415e+00
1.098747078329324722e+00
1.098752114921808243e+00
1.098768912255764008e+00
1.098745219409465790e+00
1.098709687590599060e+00
1.098765749484300613e+00
1.098718937486410141e+00
1.098695632070302963e+00
1.098793420940637589e+00
1.098870325833559036e+00
1.098816871643066406e+00
1.098869852721691132e+00
1.098700512200593948e+00
1.098755195736885071e+00
1.098699796944856644e+00
1.098746232688426971e+00
1.098820839077234268e+00
1.098802506923675537e+00
1.098736058920621872e+00
1.098777160048484802e+00
1.098765049129724503e+00
1.098725873976945877e+00
1.098711572587490082e+00
1.098810680210590363e+00
1.098841726779937744e+00
1.098843343555927277e+00
1.098907876759767532e+00
1.098746187984943390e+00
1.098848052322864532e+00
1.098857350647449493e+00
1.098767641931772232e+00
1.098743874579668045e+00
1.098873227834701538e+00
1.098757188767194748e+00
1.098825812339782715e+00
1.098789580166339874e+00
1.098699077963829041e+00
1.098719857633113861e+00
1.098725698888301849e+00
1.098695013672113419e+00
1.098803758621215820e+00
1.098716769367456436e+00
1.098814826458692551e+00
1.098752006888389587e+00
1.098717160522937775e+00
1.098851926624774933e+00
1.098781958222389221e+00
1.098863851279020309e+00
1.098798502236604691e+00
1.098747171461582184e+00
1.098799914121627808e+00
1.098715085536241531e+00
1.098863452672958374e+00
1.098746672272682190e+00
1.098711725324392319e+00
1.098759435117244720e+00
1.098828967660665512e+00
1.098703335970640182e+00
