1.098771244287490845e+00
1.098768815398216248e+00
1.098721053451299667e+00
1.098720483481884003e+00
1.098812837153673172e+00
1.098753489553928375e+00
1.098870292305946350e+00
1.098690472543239594e+00
1.098731707781553268e+00
1.098805230110883713e+00
1.098733637481927872e+00
1.098748352378606796e+00
1.098748087882995605e+00
1.099053982645273209e+00
1.098723202943801880e+00
1.098755601793527603e+00
1.098782911896705627e+00
1.098693873733282089e+00
1.098742034286260605e+00
1.098737940192222595e+00
1.098805032670497894e+00
1.098715554922819138e+00
1.098776511847972870e+00
1.098841518163681030e+00
1.098778948187828064e+00
1.098856899887323380e+00
1.098753739148378372e+00
1.098739337176084518e+00
1.098662924021482468e+00
1.098763462156057358e+00
1.098717022687196732e+00
1.098732087761163712e+00
1.098710257560014725e+00
1.098695728927850723e+00
1.098701156675815582e+00
1.098661575466394424e+00
1.098700247704982758e+00
1.098746877163648605e+00
1.098722197115421295e+00
1.098720729351043701e+00
1.098746255040168762e+00
1.098758850246667862e+00
1.098682072013616562e+00
1.098786380141973495e+00
1.098720066249370575e+00
1.098709896206855774e+00
1.098717324435710907e+00
1.098669562488794327e+00
1.098697599023580551e+00
1.098737008869647980e+00
1.098695829510688782e+00
1.098765853792428970e+00
1.098649702966213226e+00
1.098756890743970871e+00
1.098782945424318314e+00
1.098824240267276764e+00
1.098655741661787033e+00
1.098637703806161880e+00
1.098662983626127243e+00
1.098720394074916840e+00
1.098836544901132584e+00
1.098694968968629837e+00
1.098641734570264816e+00
1.098667394369840622e+00
1.098608929663896561e+00
1.098620291799306870e+00
1.098730612546205521e+00
1.098658200353384018e+00
1.098562363535165787e+00
1.098438564687967300e+00
1.098074797540903091e+00
1.097910981625318527e+00
1.097716074436903000e+00
1.097649853676557541e+00
1.097417455166578293e+00
1.096936970949172974e+00
1.097169470041990280e+00
1.096800964325666428e+00
1.096405666321516037e+00
1.095975380390882492e+00
1.096037279814481735e+00
1.095864690840244293e+00
1.094931736588478088e+00
1.094513524323701859e+00
1.092842321842908859e+00
1.092814520001411438e+00
1.091370735317468643e+00
1.089952956885099411e+00
1.087538786232471466e+00
1.083469647914171219e+00
1.077555056661367416e+00
1.067524012178182602e+00
1.058096747845411301e+00
1.045150725170969963e+00
1.042633989825844765e+00
1.034732708707451820e+00
1.026101635769009590e+00
1.027352651581168175e+00
1.027909711003303528e+00
1.013663159683346748e+00
1.012217113748192787e+00
1.015968976542353630e+00
1.005994422361254692e+00
1.004949942231178284e+00
1.004248904064297676e+00
1.004205303266644478e+00
9.986918233335018158e-01
9.922749437391757965e-01
9.961933381855487823e-01
9.945812076330184937e-01
9.821623899042606354e-01
9.901087488979101181e-01
9.789596218615770340e-01
9.801537282764911652e-01
9.838778823614120483e-01
9.831490833312273026e-01
9.803228881210088730e-01
9.768481720238924026e-01
9.783448819071054459e-01
9.742141198366880417e-01
9.690555483102798462e-01
9.739126767963171005e-01
9.750459417700767517e-01
9.697198625653982162e-01
9.687143657356500626e-01
9.686145056039094925e-01
9.708345029503107071e-01
9.670426342636346817e-01
9.682643488049507141e-01
9.712962564080953598e-01
9.679489620029926300e-01
9.671637900173664093e-01
9.656987097114324570e-01
9.618378300219774246e-01
9.695745389908552170e-01
9.657413735985755920e-01
9.675751402974128723e-01
9.629479702562093735e-01
9.633359145373106003e-01
9.576326664537191391e-01
9.616700410842895508e-01
9.540276024490594864e-01
9.561479557305574417e-01
9.561199154704809189e-01
9.518099129199981689e-01
9.560320693999528885e-01
9.507053233683109283e-01
9.555356223136186600e-01
9.523468874394893646e-01
9.530862122774124146e-01
9.528967458754777908e-01
9.562394116073846817e-01
9.524664748460054398e-01
9.510215558111667633e-01
9.507384710013866425e-01
9.493764843791723251e-01
9.447034001350402832e-01
9.507008250802755356e-01
9.483431875705718994e-01
9.488274678587913513e-01
9.505169801414012909e-01
9.506599698215723038e-01
9.416522830724716187e-01
9.408927820622920990e-01
9.458410311490297318e-01
9.445215873420238495e-01
9.414909705519676208e-01
9.405736438930034637e-01
9.454793483018875122e-01
9.438172448426485062e-01
9.385259170085191727e-01
9.389622807502746582e-01
9.362672939896583557e-01
9.371084384620189667e-01
9.376852363348007202e-01
9.333396162837743759e-01
9.397271536290645599e-01
9.429964218288660049e-01
9.332457799464464188e-01
9.364841841161251068e-01
9.342661816626787186e-01
9.378381110727787018e-01
9.347681477665901184e-01
9.337986558675765991e-01
9.290655776858329773e-01
9.298439435660839081e-01
9.290737099945545197e-01
9.299106169492006302e-01
9.274638704955577850e-01
9.215519893914461136e-01
9.241612963378429413e-01
9.218084663152694702e-01
9.162298608571290970e-01
9.205123633146286011e-01
9.179869350045919418e-01
9.132858589291572571e-01
9.111099895089864731e-01
9.112458806484937668e-01
9.081448484212160110e-01
9.060272704809904099e-01
