3.273749947547912598e-01
3.253749907016754150e-01
3.249999880790710449e-01
3.237499892711639404e-01
3.276250064373016357e-01
3.238750100135803223e-01
3.264999985694885254e-01
3.298749923706054688e-01
3.268750011920928955e-01
3.248749971389770508e-01
3.333750069141387939e-01
3.238750100135803223e-01
3.314999938011169434e-01
3.246249854564666748e-01
3.346250057220458984e-01
3.330000042915344238e-01
3.274999856948852539e-01
3.285000026226043701e-01
3.256250023841857910e-01
3.276250064373016357e-01
3.248749971389770508e-01
3.256250023841857910e-01
3.236249983310699463e-01
3.322499990463256836e-01
3.281250000000000000e-01
3.281250000000000000e-01
3.201250135898590088e-01
3.282499909400939941e-01
3.334999978542327881e-01
3.333750069141387939e-01
3.302499949932098389e-01
3.294999897480010986e-01
3.306249976158142090e-01
3.287500143051147461e-01
3.347499966621398926e-01
3.288750052452087402e-01
3.281250000000000000e-01
3.318749964237213135e-01
3.297500014305114746e-01
3.289999961853027344e-01
3.203749954700469971e-01
3.258750140666961670e-01
3.237499892711639404e-01
3.341250121593475342e-01
3.266249895095825195e-01
3.351249992847442627e-01
3.323749899864196777e-01
3.305000066757202148e-01
3.305000066757202148e-01
3.316250145435333252e-01
3.345000147819519043e-01
3.298749923706054688e-01
3.314999938011169434e-01
3.277499973773956299e-01
3.316250145435333252e-01
3.310000002384185791e-01
3.222500085830688477e-01
3.292500078678131104e-01
3.294999897480010986e-01
3.302499949932098389e-01
3.296250104904174805e-01
3.322499990463256836e-01
3.318749964237213135e-01
3.314999938011169434e-01
3.287500143051147461e-01
3.242500126361846924e-01
3.266249895095825195e-01
3.334999978542327881e-01
3.312500119209289551e-01
3.307499885559082031e-01
3.285000026226043701e-01
3.277499973773956299e-01
3.263750076293945312e-01
3.307499885559082031e-01
3.331249952316284180e-01
3.406249880790710449e-01
3.277499973773956299e-01
3.331249952316284180e-01
3.341250121593475342e-01
3.294999897480010986e-01
3.328750133514404297e-01
3.386250138282775879e-01
3.305000066757202148e-01
3.342500030994415283e-01
3.193750083446502686e-01
3.271250128746032715e-01
3.350000083446502686e-01
3.286249935626983643e-01
3.277499973773956299e-01
3.332499861717224121e-01
3.230000138282775879e-01
3.310000002384185791e-01
3.330000042915344238e-01
3.331249952316284180e-01
3.219999969005584717e-01
3.371250033378601074e-01
3.318749964237213135e-01
3.384999930858612061e-01
3.307499885559082031e-01
3.317500054836273193e-01
3.336249887943267822e-01
3.337500095367431641e-01
3.363749980926513672e-01
3.364999890327453613e-01
3.294999897480010986e-01
3.251250088214874268e-01
3.312500119209289551e-01
3.415000140666961670e-01
3.334999978542327881e-01
3.384999930858612061e-01
3.400000035762786865e-01
3.398750126361846924e-01
3.342500030994415283e-01
3.452500104904174805e-01
3.339999914169311523e-01
3.392499983310699463e-01
3.338750004768371582e-01
3.318749964237213135e-01
3.396250009536743164e-01
3.457500040531158447e-01
3.409999907016754150e-01
3.375000059604644775e-01
3.407500088214874268e-01
3.378750085830688477e-01
3.425000011920928955e-01
3.386250138282775879e-01
3.425000011920928955e-01
3.459999859333038330e-01
3.433749973773956299e-01
3.436250090599060059e-01
3.431249856948852539e-01
3.535000085830688477e-01
3.462499976158142090e-01
3.393749892711639404e-01
3.467499911785125732e-01
3.468750119209289551e-01
3.476249873638153076e-01
3.466250002384185791e-01
3.451249897480010986e-01
3.517499864101409912e-01
3.481250107288360596e-01
3.398750126361846924e-01
3.434999883174896240e-01
3.497500121593475342e-01
3.556250035762786865e-01
3.448750078678131104e-01
3.493750095367431641e-01
3.492499887943267822e-01
3.468750119209289551e-01
3.395000100135803223e-01
3.447499871253967285e-01
3.488749861717224121e-01
3.560000061988830566e-01
3.535000085830688477e-01
3.522500097751617432e-01
3.441250026226043701e-01
3.556250035762786865e-01
3.540000021457672119e-01
3.533749878406524658e-01
3.555000126361846924e-01
3.483749926090240479e-01
3.467499911785125732e-01
3.482500016689300537e-01
3.560000061988830566e-01
3.474999964237213135e-01
3.508749902248382568e-01
3.574999868869781494e-01
3.517499864101409912e-01
3.548749983310699463e-01
3.495000004768371582e-01
3.544999957084655762e-01
3.511250019073486328e-01
3.541249930858612061e-01
3.555000126361846924e-01
3.548749983310699463e-01
3.587499856948852539e-01
3.462499976158142090e-01
3.528749942779541016e-01
3.512499928474426270e-01
3.496249914169311523e-01
3.538750112056732178e-01
3.540000021457672119e-01
3.551250100135803223e-01
3.548749983310699463e-01
3.603749871253967285e-01
3.542500138282775879e-01
3.664999902248382568e-01
3.479999899864196777e-01
3.522500097751617432e-01
3.598749935626983643e-01
3.540000021457672119e-01
3.588750064373016357e-01
3.560000061988830566e-01
3.535000085830688477e-01
3.622500002384185791e-01
3.647499978542327881e-01
3.619999885559082031e-01
3.564999997615814209e-01
3.597500026226043701e-01
3.622500002384185791e-01
