1.098798304796218872e+00
1.098784420639276505e+00
1.098700623959302902e+00
1.098735500127077103e+00
1.098795745521783829e+00
1.098812729120254517e+00
1.098778653889894485e+00
1.098743535578250885e+00
1.098709918558597565e+00
1.098763532936573029e+00
1.098761599510908127e+00
1.098737880587577820e+00
1.098731208592653275e+00
1.098809711635112762e+00
1.098736576735973358e+00
1.098726861178874969e+00
1.098828162997961044e+00
1.098781019449234009e+00
1.098711531609296799e+00
1.098751146346330643e+00
1.098718389868736267e+00
1.098693165928125381e+00
1.098746489733457565e+00
1.098852559924125671e+00
1.098816391080617905e+00
1.098764095455408096e+00
1.098868109285831451e+00
1.098702646791934967e+00
1.098731111735105515e+00
1.099024988710880280e+00
1.098723024129867554e+00
1.098773367702960968e+00
1.098799839615821838e+00
1.098750665783882141e+00
1.098790403455495834e+00
1.098744194954633713e+00
1.098799403756856918e+00
1.098804902285337448e+00
1.098747830837965012e+00
1.098726231604814529e+00
1.098734781146049500e+00
1.098717771470546722e+00
1.098778914660215378e+00
1.098791666328907013e+00
1.098776593804359436e+00
1.098716959357261658e+00
1.098794281482696533e+00
1.098757125437259674e+00
1.098711196333169937e+00
1.098705243319272995e+00
1.098741460591554642e+00
1.098770998418331146e+00
1.098779745399951935e+00
1.098796788603067398e+00
1.098721072077751160e+00
1.098730076104402542e+00
1.098812725394964218e+00
1.098784983158111572e+00
1.098817877471446991e+00
1.098729811608791351e+00
1.098761234432458878e+00
1.098801270127296448e+00
1.098703268915414810e+00
1.098688799887895584e+00
1.098726514726877213e+00
1.098716389387845993e+00
1.098797794431447983e+00
1.098743874579668045e+00
1.098778892308473587e+00
1.098798703402280807e+00
1.098798304796218872e+00
1.098789233714342117e+00
1.098778586834669113e+00
1.098762635141611099e+00
1.098752330988645554e+00
1.098707810044288635e+00
1.098797556012868881e+00
1.098696835339069366e+00
1.098757989704608917e+00
1.098788514733314514e+00
1.098750233650207520e+00
1.098757080733776093e+00
1.098742634057998657e+00
1.098897542804479599e+00
1.098727304488420486e+00
1.098711226135492325e+00
1.098772700875997543e+00
1.098683778196573257e+00
1.098811525851488113e+00
1.098765928298234940e+00
1.098733380436897278e+00
1.098679326474666595e+00
1.098899487406015396e+00
1.098909728229045868e+00
1.098874751478433609e+00
1.098685454577207565e+00
1.098751574754714966e+00
1.098898004740476608e+00
1.098779797554016113e+00
1.098772875964641571e+00
1.098737377673387527e+00
1.098760101944208145e+00
1.098844464868307114e+00
1.098747398704290390e+00
1.098743442445993423e+00
1.098854169249534607e+00
1.098868612200021744e+00
1.098727952688932419e+00
1.098734524101018906e+00
1.098786354064941406e+00
1.098779737949371338e+00
1.098805189132690430e+00
1.098739046603441238e+00
1.098747413605451584e+00
1.098738204687833786e+00
1.098759856075048447e+00
1.098799664527177811e+00
1.098719958215951920e+00
1.098780054599046707e+00
1.098804440349340439e+00
1.098702277988195419e+00
1.098703522235155106e+00
1.098734132945537567e+00
1.098864376544952393e+00
1.098832670599222183e+00
1.098784945905208588e+00
1.098857056349515915e+00
1.098782673478126526e+00
1.098872043192386627e+00
1.098715789616107941e+00
1.098822537809610367e+00
1.098780650645494461e+00
1.098782990127801895e+00
1.098775520920753479e+00
1.098757743835449219e+00
1.098808255046606064e+00
1.098779939115047455e+00
1.098708122968673706e+00
1.098749887198209763e+00
1.098711244761943817e+00
1.098759125918149948e+00
1.098833583295345306e+00
1.098736289888620377e+00
1.098744608461856842e+00
1.098737090826034546e+00
1.098803564906120300e+00
1.098825052380561829e+00
1.098717935383319855e+00
1.098946724086999893e+00
1.098727691918611526e+00
1.098699007183313370e+00
1.098781790584325790e+00
1.098900634795427322e+00
1.098719231784343719e+00
1.098791964352130890e+00
1.098809942603111267e+00
1.098788753151893616e+00
1.098753936588764191e+00
1.098824847489595413e+00
1.098718311637639999e+00
1.098769467324018478e+00
1.098732400685548782e+00
1.098733637481927872e+00
1.098727148026227951e+00
1.098752208054065704e+00
1.098715525120496750e+00
1.098895069211721420e+00
1.098739720880985260e+00
1.098726652562618256e+00
1.098856382071971893e+00
1.098854985088109970e+00
1.098732437938451767e+00
1.098746102303266525e+00
1.098848212510347366e+00
1.098786365240812302e+00
1.098666537553071976e+00
1.098728850483894348e+00
1.098788905888795853e+00
1.098720155656337738e+00
1.098720915615558624e+00
1.098743770271539688e+00
1.098742645233869553e+00
1.098702501505613327e+00
1.098785284906625748e+00
1.098838783800601959e+00
1.098752062767744064e+00
1.098748747259378433e+00
1.098777197301387787e+00
1.098739415407180786e+00
1.098829671740531921e+00
1.098784219473600388e+00
1.098776161670684814e+00
1.098730012774467468e+00
1.098715815693140030e+00
1.098891105502843857e+00
1.098789960145950317e+00
1.098721560090780258e+00
1.098813895136117935e+00
1.098741602152585983e+00
1.098726294934749603e+00
