3.266249895095825195e-01
3.258750140666961670e-01
3.288750052452087402e-01
3.333750069141387939e-01
3.278749883174896240e-01
3.266249895095825195e-01
3.267500102519989014e-01
3.333750069141387939e-01
3.314999938011169434e-01
3.333750069141387939e-01
3.351249992847442627e-01
3.333750069141387939e-01
3.287500143051147461e-01
3.287500143051147461e-01
3.271250128746032715e-01
3.307499885559082031e-01
3.221249878406524658e-01
3.296250104904174805e-01
3.268750011920928955e-01
3.297500014305114746e-01
3.333750069141387939e-01
3.268750011920928955e-01
3.314999938011169434e-01
3.293749988079071045e-01
3.300000131130218506e-01
3.227500021457672119e-01
3.328750133514404297e-01
3.307499885559082031e-01
3.242500126361846924e-01
3.311249911785125732e-01
3.264999985694885254e-01
3.242500126361846924e-01
3.313750028610229492e-01
3.268750011920928955e-01
3.291249871253967285e-01
3.293749988079071045e-01
3.313750028610229492e-01
3.249999880790710449e-01
3.269999921321868896e-01
3.230000138282775879e-01
3.298749923706054688e-01
3.308750092983245850e-01
3.243750035762786865e-01
3.212499916553497314e-01
3.332499861717224121e-01
3.302499949932098389e-01
3.332499861717224121e-01
3.252499997615814209e-01
3.227500021457672119e-01
3.289999961853027344e-01
3.266249895095825195e-01
3.332499861717224121e-01
3.262499868869781494e-01
3.237499892711639404e-01
3.228749930858612061e-01
3.264999985694885254e-01
3.338750004768371582e-01
3.357500135898590088e-01
3.305000066757202148e-01
3.264999985694885254e-01
3.297500014305114746e-01
3.224999904632568359e-01
3.248749971389770508e-01
3.300000131130218506e-01
3.314999938011169434e-01
3.301250040531158447e-01
3.339999914169311523e-01
3.347499966621398926e-01
3.332499861717224121e-01
3.285000026226043701e-01
3.288750052452087402e-01
3.269999921321868896e-01
3.312500119209289551e-01
3.288750052452087402e-01
3.249999880790710449e-01
3.314999938011169434e-01
3.289999961853027344e-01
3.326250016689300537e-01
3.310000002384185791e-01
3.261249959468841553e-01
3.332499861717224121e-01
3.313750028610229492e-01
3.258750140666961670e-01
3.292500078678131104e-01
3.249999880790710449e-01
3.311249911785125732e-01
3.288750052452087402e-01
3.215000033378601074e-01
3.305000066757202148e-01
3.325000107288360596e-01
3.293749988079071045e-01
3.248749971389770508e-01
3.244999945163726807e-01
3.204999864101409912e-01
3.277499973773956299e-01
3.285000026226043701e-01
3.342500030994415283e-01
3.289999961853027344e-01
3.208749890327453613e-01
3.272500038146972656e-01
3.223749995231628418e-01
3.297500014305114746e-01
3.333750069141387939e-01
3.266249895095825195e-01
3.333750069141387939e-01
3.345000147819519043e-01
3.294999897480010986e-01
3.274999856948852539e-01
3.268750011920928955e-01
3.292500078678131104e-01
3.332499861717224121e-01
3.240000009536743164e-01
3.244999945163726807e-01
3.237499892711639404e-01
3.235000073909759521e-01
3.248749971389770508e-01
3.301250040531158447e-01
3.283750116825103760e-01
3.300000131130218506e-01
3.289999961853027344e-01
3.357500135898590088e-01
3.246249854564666748e-01
3.332499861717224121e-01
3.336249887943267822e-01
3.277499973773956299e-01
3.178749978542327881e-01
3.285000026226043701e-01
3.271250128746032715e-01
3.264999985694885254e-01
3.277499973773956299e-01
3.292500078678131104e-01
3.314999938011169434e-01
3.303749859333038330e-01
3.289999961853027344e-01
3.224999904632568359e-01
3.206250071525573730e-01
3.242500126361846924e-01
3.294999897480010986e-01
3.318749964237213135e-01
3.323749899864196777e-01
3.283750116825103760e-01
3.281250000000000000e-01
3.291249871253967285e-01
3.333750069141387939e-01
3.267500102519989014e-01
3.263750076293945312e-01
3.286249935626983643e-01
3.293749988079071045e-01
3.247500061988830566e-01
3.332499861717224121e-01
3.176249861717224121e-01
3.343749940395355225e-01
3.294999897480010986e-01
3.313750028610229492e-01
3.308750092983245850e-01
3.300000131130218506e-01
3.211250007152557373e-01
3.271250128746032715e-01
3.330000042915344238e-01
3.332499861717224121e-01
3.333750069141387939e-01
3.331249952316284180e-01
3.264999985694885254e-01
3.268750011920928955e-01
3.285000026226043701e-01
3.197500109672546387e-01
3.307499885559082031e-01
3.281250000000000000e-01
3.323749899864196777e-01
3.322499990463256836e-01
3.240000009536743164e-01
3.291249871253967285e-01
3.286249935626983643e-01
3.317500054836273193e-01
3.333750069141387939e-01
3.294999897480010986e-01
3.298749923706054688e-01
3.331249952316284180e-01
3.348749876022338867e-01
3.273749947547912598e-01
3.133749961853027344e-01
3.314999938011169434e-01
3.227500021457672119e-01
3.328750133514404297e-01
3.196249902248382568e-01
3.307499885559082031e-01
3.243750035762786865e-01
3.263750076293945312e-01
3.258750140666961670e-01
3.258750140666961670e-01
3.199999928474426270e-01
3.285000026226043701e-01
3.256250023841857910e-01
3.256250023841857910e-01
3.251250088214874268e-01
3.264999985694885254e-01
3.332499861717224121e-01
3.201250135898590088e-01
3.333750069141387939e-01
3.289999961853027344e-01
