1.098867811262607574e+00
1.098617836833000183e+00
1.098704006522893906e+00
1.098703026771545410e+00
1.098655637353658676e+00
1.098794031888246536e+00
1.098678983747959137e+00
1.098642636090517044e+00
1.098389551043510437e+00
1.098586916923522949e+00
1.098223466426134109e+00
1.098567802459001541e+00
1.098357785493135452e+00
1.098740473389625549e+00
1.098220150917768478e+00
1.098312731832265854e+00
1.098202139139175415e+00
1.098174728453159332e+00
1.098210889846086502e+00
1.097612839192152023e+00
1.097489465028047562e+00
1.097611758857965469e+00
1.097138941287994385e+00
1.096586052328348160e+00
1.095816206187009811e+00
1.095399565994739532e+00
1.094484575092792511e+00
1.092140827327966690e+00
1.089068301022052765e+00
1.086906805634498596e+00
1.081840481609106064e+00
1.077072639018297195e+00
1.069124456495046616e+00
1.061110023409128189e+00
1.042121607810258865e+00
1.014814004302024841e+00
9.747500997036695480e-01
9.385411236435174942e-01
9.171633459627628326e-01
8.680098783224821091e-01
8.635532502084970474e-01
8.301841150969266891e-01
8.138014320284128189e-01
8.117028716951608658e-01
7.889668159186840057e-01
7.778968308120965958e-01
7.793971206992864609e-01
7.555797211825847626e-01
7.458986733108758926e-01
7.291067857295274734e-01
7.243564147502183914e-01
7.139438744634389877e-01
6.962415799498558044e-01
6.873816084116697311e-01
6.774752996861934662e-01
6.553542949259281158e-01
6.395372450351715088e-01
6.314617618918418884e-01
6.126757711172103882e-01
6.003287937492132187e-01
5.920303408056497574e-01
5.714656822383403778e-01
5.738283591344952583e-01
5.642210403457283974e-01
5.555136008188128471e-01
5.530963977798819542e-01
5.463023092597723007e-01
5.342672755941748619e-01
5.342557374387979507e-01
5.232025533914566040e-01
5.296970680356025696e-01
5.245672930032014847e-01
5.163446227088570595e-01
5.254419203847646713e-01
5.208219587802886963e-01
5.205211192369461060e-01
5.154031887650489807e-01
5.217332821339368820e-01
5.039901286363601685e-01
5.062966179102659225e-01
5.073672467842698097e-01
5.087652774527668953e-01
5.046188887208700180e-01
4.952481305226683617e-01
4.984752032905817032e-01
5.112148933112621307e-01
5.048928977921605110e-01
4.986860025674104691e-01
4.944154266268014908e-01
4.924431899562478065e-01
4.899768140166997910e-01
4.912094324827194214e-01
4.895712751895189285e-01
4.958727005869150162e-01
4.888953026384115219e-01
4.880596362054347992e-01
4.898446975275874138e-01
4.879548614844679832e-01
4.921328648924827576e-01
4.866841882467269897e-01
4.795168237760663033e-01
4.842727528885006905e-01
4.872564980760216713e-01
4.820638773962855339e-01
4.834767235442996025e-01
4.881488261744379997e-01
4.730266500264406204e-01
4.795742491260170937e-01
4.757894473150372505e-01
4.832882117480039597e-01
4.774099979549646378e-01
4.835967365652322769e-01
4.763375967741012573e-01
4.774041809141635895e-01
4.841769691556692123e-01
4.806502694264054298e-01
4.775597322732210159e-01
4.763543335720896721e-01
4.694817056879401207e-01
4.705792907625436783e-01
4.845395088195800781e-01
4.786824574694037437e-01
4.700015541166067123e-01
4.692131811752915382e-01
4.707427304238080978e-01
4.767411081120371819e-01
4.742976175621151924e-01
4.710278548300266266e-01
4.749936219304800034e-01
4.722270406782627106e-01
4.686618400737643242e-01
4.732460780069231987e-01
4.685014849528670311e-01
4.680203041061758995e-01
4.749361453577876091e-01
4.725877614691853523e-01
4.742588466033339500e-01
4.731367016211152077e-01
4.686925532296299934e-01
4.681874951347708702e-01
4.713407000526785851e-01
4.684817120432853699e-01
4.605349600315093994e-01
4.659760361537337303e-01
4.714142140001058578e-01
4.706010306254029274e-01
4.652764946222305298e-01
4.602151289582252502e-01
4.650197671726346016e-01
4.719258071854710579e-01
4.658595621585845947e-01
4.670306742191314697e-01
4.651957312598824501e-01
4.627884235233068466e-01
4.636058909818530083e-01
4.641367783769965172e-01
4.664099933579564095e-01
4.739977763965725899e-01
4.673055931925773621e-01
4.658234780654311180e-01
4.609614359214901924e-01
4.540222780779004097e-01
4.650105824694037437e-01
4.625213965773582458e-01
4.555209865793585777e-01
4.630633890628814697e-01
4.597407942637801170e-01
4.600164582952857018e-01
4.654629025608301163e-01
4.565034760162234306e-01
4.622376793995499611e-01
4.593529645353555679e-01
4.601161442697048187e-01
4.591526025906205177e-01
4.632404651492834091e-01
4.612066540867090225e-01
4.614277146756649017e-01
4.554084325209259987e-01
4.559889500960707664e-01
4.592162901535630226e-01
4.615403758361935616e-01
4.612664030864834785e-01
4.542091777548193932e-01
4.649625811725854874e-01
4.639216605573892593e-01
4.569305144250392914e-01
4.574371073395013809e-01
4.608877496793866158e-01
4.583361810073256493e-01
4.578144699335098267e-01
4.536836445331573486e-01
4.580642534419894218e-01
4.558078814297914505e-01
4.566664407029747963e-01
4.551949640735983849e-01
4.604005990549921989e-01
4.527306957170367241e-01
4.562423853203654289e-01
4.554710863158106804e-01
4.563598148524761200e-01
