1.098787650465965271e+00
1.098807774484157562e+00
1.098724804818630219e+00
1.098743155598640442e+00
1.098837424069643021e+00
1.098752684891223907e+00
1.098735835403203964e+00
1.098791267722845078e+00
1.098658055067062378e+00
1.098674371838569641e+00
1.098663136363029480e+00
1.098670151084661484e+00
1.098700013011693954e+00
1.098675061017274857e+00
1.098722819238901138e+00
1.098672918975353241e+00
1.098669659346342087e+00
1.098748937249183655e+00
1.098547857254743576e+00
1.098571076989173889e+00
1.098644431680440903e+00
1.098674371838569641e+00
1.098663367331027985e+00
1.098583336919546127e+00
1.098633490502834320e+00
1.098574057221412659e+00
1.098387058824300766e+00
1.098460711538791656e+00
1.098420392721891403e+00
1.098391313105821609e+00
1.098397236317396164e+00
1.098434779793024063e+00
1.098430182784795761e+00
1.098491635173559189e+00
1.098032087087631226e+00
1.098292272537946701e+00
1.098098192363977432e+00
1.098085764795541763e+00
1.097827062010765076e+00
1.097912192344665527e+00
1.097853906452655792e+00
1.097887679934501648e+00
1.097706682980060577e+00
1.097551707178354263e+00
1.097365833818912506e+00
1.097295921295881271e+00
1.096751805394887924e+00
1.096716746687889099e+00
1.096510719507932663e+00
1.095526810735464096e+00
1.095146786421537399e+00
1.094179362058639526e+00
1.093109618872404099e+00
1.093467164784669876e+00
1.091851990669965744e+00
1.090995449572801590e+00
1.088247433304786682e+00
1.085605278611183167e+00
1.083456192165613174e+00
1.079503696411848068e+00
1.070101201534271240e+00
1.061688423156738281e+00
1.046218346804380417e+00
1.023821616545319557e+00
1.009321095421910286e+00
1.001174706965684891e+00
9.716219231486320496e-01
9.727044738829135895e-01
9.492542669177055359e-01
9.357505142688751221e-01
9.236657451838254929e-01
9.086283352226018906e-01
8.968590125441551208e-01
8.895931467413902283e-01
8.906025700271129608e-01
8.838304057717323303e-01
8.740879390388727188e-01
8.679979927837848663e-01
8.736131470650434494e-01
8.680189438164234161e-01
8.571752682328224182e-01
8.703778274357318878e-01
8.558675646781921387e-01
8.527690563350915909e-01
8.408902250230312347e-01
8.543959986418485641e-01
8.529625982046127319e-01
8.511396367102861404e-01
8.501199111342430115e-01
8.520701862871646881e-01
8.456512987613677979e-01
8.397453073412179947e-01
8.366630822420120239e-01
8.238397110253572464e-01
8.407277874648571014e-01
8.210014067590236664e-01
8.210428785532712936e-01
8.276098277419805527e-01
8.131410982459783554e-01
8.103687707334756851e-01
8.064635209739208221e-01
7.951465249061584473e-01
7.889297138899564743e-01
7.742756865918636322e-01
7.623803801834583282e-01
7.551898024976253510e-01
7.477665506303310394e-01
7.360907830297946930e-01
7.332255467772483826e-01
7.288994118571281433e-01
7.179516050964593887e-01
7.216140963137149811e-01
7.237524744123220444e-01
7.113059274852275848e-01
7.071947976946830750e-01
7.028996385633945465e-01
6.930546015501022339e-01
6.898122243583202362e-01
6.869787666946649551e-01
7.105894722044467926e-01
6.860457994043827057e-01
6.805648040026426315e-01
6.781817991286516190e-01
6.861363407224416733e-01
6.703159697353839874e-01
6.883688829839229584e-01
6.705796662718057632e-01
6.687096226960420609e-01
6.648088097572326660e-01
6.674762573093175888e-01
6.529166139662265778e-01
6.566593497991561890e-01
6.483875531703233719e-01
6.457888837903738022e-01
6.362180411815643311e-01
6.366245672106742859e-01
6.357578299939632416e-01
6.314644571393728256e-01
6.324225962162017822e-01
6.266723796725273132e-01
6.213007681071758270e-01
6.262723635882139206e-01
6.344979330897331238e-01
6.207709126174449921e-01
6.193762682378292084e-01
6.196020655333995819e-01
6.215304676443338394e-01
6.196540985256433487e-01
6.246585771441459656e-01
6.227095685899257660e-01
6.266787461936473846e-01
6.115365996956825256e-01
6.066736327484250069e-01
6.185973268002271652e-01
6.111851744353771210e-01
6.187600567936897278e-01
6.107238642871379852e-01
6.106614889577031136e-01
6.129774730652570724e-01
6.108677051961421967e-01
6.006804611533880234e-01
6.041603023186326027e-01
6.059351768344640732e-01
6.034587780013680458e-01
6.083022281527519226e-01
6.078667640686035156e-01
5.922993514686822891e-01
5.994953662157058716e-01
6.050978973507881165e-01
5.991654163226485252e-01
5.926275607198476791e-01
5.939803663641214371e-01
5.956392381340265274e-01
5.982453189790248871e-01
5.904336348176002502e-01
5.856642462313175201e-01
5.890603438019752502e-01
5.836253250017762184e-01
5.871564317494630814e-01
5.861201668158173561e-01
5.783587712794542313e-01
5.885520437732338905e-01
5.904273465275764465e-01
5.809967964887619019e-01
5.828107073903083801e-01
5.793319456279277802e-01
5.821907436475157738e-01
5.730337277054786682e-01
5.815119855105876923e-01
5.770287206396460533e-01
5.752819385379552841e-01
5.779908206313848495e-01
5.710069648921489716e-01
5.786108244210481644e-01
5.719775175675749779e-01
5.810653027147054672e-01
5.784553224220871925e-01
5.751481149345636368e-01
5.789108555763959885e-01
5.775697221979498863e-01
