3.281250000000000000e-01
3.266249895095825195e-01
3.251250088214874268e-01
3.357500135898590088e-01
3.286249935626983643e-01
3.281250000000000000e-01
3.274999856948852539e-01
3.326250016689300537e-01
3.237499892711639404e-01
3.248749971389770508e-01
3.281250000000000000e-01
3.308750092983245850e-01
3.308750092983245850e-01
3.276250064373016357e-01
3.267500102519989014e-01
3.302499949932098389e-01
3.278749883174896240e-01
3.308750092983245850e-01
3.296250104904174805e-01
3.287500143051147461e-01
3.256250023841857910e-01
3.238750100135803223e-01
3.298749923706054688e-01
3.303749859333038330e-01
3.274999856948852539e-01
3.350000083446502686e-01
3.301250040531158447e-01
3.286249935626983643e-01
3.256250023841857910e-01
3.305000066757202148e-01
3.277499973773956299e-01
3.338750004768371582e-01
3.278749883174896240e-01
3.307499885559082031e-01
3.215000033378601074e-01
3.281250000000000000e-01
3.230000138282775879e-01
3.297500014305114746e-01
3.268750011920928955e-01
3.312500119209289551e-01
3.312500119209289551e-01
3.298749923706054688e-01
3.227500021457672119e-01
3.300000131130218506e-01
3.311249911785125732e-01
3.277499973773956299e-01
3.264999985694885254e-01
3.363749980926513672e-01
3.298749923706054688e-01
3.325000107288360596e-01
3.271250128746032715e-01
3.310000002384185791e-01
3.300000131130218506e-01
3.256250023841857910e-01
3.291249871253967285e-01
3.241249918937683105e-01
3.307499885559082031e-01
3.186250030994415283e-01
3.332499861717224121e-01
3.272500038146972656e-01
3.287500143051147461e-01
3.317500054836273193e-01
3.296250104904174805e-01
3.312500119209289551e-01
3.282499909400939941e-01
3.283750116825103760e-01
3.231250047683715820e-01
3.242500126361846924e-01
3.243750035762786865e-01
3.263750076293945312e-01
3.289999961853027344e-01
3.277499973773956299e-01
3.286249935626983643e-01
3.288750052452087402e-01
3.287500143051147461e-01
3.333750069141387939e-01
3.199999928474426270e-01
3.333750069141387939e-01
3.310000002384185791e-01
3.276250064373016357e-01
3.221249878406524658e-01
3.277499973773956299e-01
3.333750069141387939e-01
3.268750011920928955e-01
3.258750140666961670e-01
3.318749964237213135e-01
3.186250030994415283e-01
3.351249992847442627e-01
3.268750011920928955e-01
3.296250104904174805e-01
3.211250007152557373e-01
3.308750092983245850e-01
3.312500119209289551e-01
3.208749890327453613e-01
3.291249871253967285e-01
3.202500045299530029e-01
3.298749923706054688e-01
3.322499990463256836e-01
3.196249902248382568e-01
3.248749971389770508e-01
3.261249959468841553e-01
3.278749883174896240e-01
3.332499861717224121e-01
3.327499926090240479e-01
3.318749964237213135e-01
3.328750133514404297e-01
3.333750069141387939e-01
3.321250081062316895e-01
3.325000107288360596e-01
3.269999921321868896e-01
3.319999873638153076e-01
3.277499973773956299e-01
3.326250016689300537e-01
3.263750076293945312e-01
3.303749859333038330e-01
3.213750123977661133e-01
3.278749883174896240e-01
3.343749940395355225e-01
3.333750069141387939e-01
3.332499861717224121e-01
3.271250128746032715e-01
3.316250145435333252e-01
3.312500119209289551e-01
3.308750092983245850e-01
3.328750133514404297e-01
3.294999897480010986e-01
3.278749883174896240e-01
3.314999938011169434e-01
3.283750116825103760e-01
3.277499973773956299e-01
3.347499966621398926e-01
3.317500054836273193e-01
3.276250064373016357e-01
3.285000026226043701e-01
3.307499885559082031e-01
3.246249854564666748e-01
3.133749961853027344e-01
3.303749859333038330e-01
3.301250040531158447e-01
3.316250145435333252e-01
3.328750133514404297e-01
3.318749964237213135e-01
3.274999856948852539e-01
3.341250121593475342e-01
3.297500014305114746e-01
3.332499861717224121e-01
3.311249911785125732e-01
3.268750011920928955e-01
3.286249935626983643e-01
3.243750035762786865e-01
3.361249864101409912e-01
3.238750100135803223e-01
3.285000026226043701e-01
3.331249952316284180e-01
3.312500119209289551e-01
3.240000009536743164e-01
3.257499933242797852e-01
3.297500014305114746e-01
3.255000114440917969e-01
3.294999897480010986e-01
3.332499861717224121e-01
3.203749954700469971e-01
3.281250000000000000e-01
3.241249918937683105e-01
3.231250047683715820e-01
3.308750092983245850e-01
3.266249895095825195e-01
3.296250104904174805e-01
3.242500126361846924e-01
3.289999961853027344e-01
3.237499892711639404e-01
3.273749947547912598e-01
3.319999873638153076e-01
3.283750116825103760e-01
3.311249911785125732e-01
3.269999921321868896e-01
3.235000073909759521e-01
3.203749954700469971e-01
3.297500014305114746e-01
3.333750069141387939e-01
3.255000114440917969e-01
3.330000042915344238e-01
3.222500085830688477e-01
3.321250081062316895e-01
3.286249935626983643e-01
3.269999921321868896e-01
3.271250128746032715e-01
3.285000026226043701e-01
3.271250128746032715e-01
3.346250057220458984e-01
3.288750052452087402e-01
3.285000026226043701e-01
3.319999873638153076e-01
3.226250112056732178e-01
3.326250016689300537e-01
3.272500038146972656e-01
3.333750069141387939e-01
3.244999945163726807e-01
3.321250081062316895e-01
3.246249854564666748e-01
