1.098860826343297958e+00
1.098854135721921921e+00
1.098724894225597382e+00
1.098889324814081192e+00
1.098743952810764313e+00
1.098772242665290833e+00
1.098913889378309250e+00
1.098686680197715759e+00
1.098792057484388351e+00
1.098772041499614716e+00
1.098772354423999786e+00
1.098742689937353134e+00
1.098785404115915298e+00
1.098710861057043076e+00
1.098858099430799484e+00
1.098635934293270111e+00
1.098722662776708603e+00
1.098771397024393082e+00
1.098764471709728241e+00
1.098910249769687653e+00
1.098754201084375381e+00
1.098700497299432755e+00
1.098730843514204025e+00
1.098819419741630554e+00
1.098759248852729797e+00
1.098901625722646713e+00
1.098726037889719009e+00
1.098730932921171188e+00
1.098778188228607178e+00
1.098791591823101044e+00
1.098744533956050873e+00
1.098712842911481857e+00
1.098746344447135925e+00
1.098710976541042328e+00
1.098679151386022568e+00
1.098809950053691864e+00
1.098690893501043320e+00
1.098801050335168839e+00
1.098732259124517441e+00
1.098731219768524170e+00
1.098746411502361298e+00
1.098737075924873352e+00
1.098774980753660202e+00
1.098721887916326523e+00
1.098755404353141785e+00
1.098829187452793121e+00
1.098805896937847137e+00
1.098740082234144211e+00
1.098752167075872421e+00
1.098891496658325195e+00
1.098760209977626801e+00
1.098824091255664825e+00
1.098789829760789871e+00
1.098949946463108063e+00
1.098777953535318375e+00
1.099010780453681946e+00
1.098843269050121307e+00
1.098716374486684799e+00
1.098819196224212646e+00
1.098811436444520950e+00
1.098829146474599838e+00
1.098744247108697891e+00
1.098783928900957108e+00
1.098793186247348785e+00
1.098725609481334686e+00
1.098747570067644119e+00
1.098778255283832550e+00
1.098777800798416138e+00
1.098822329193353653e+00
1.098833620548248291e+00
1.098740790039300919e+00
1.098726674914360046e+00
1.098811272531747818e+00
1.098781898617744446e+00
1.098736621439456940e+00
1.098778247833251953e+00
1.098694480955600739e+00
1.098681483417749405e+00
1.098860263824462891e+00
1.098698046058416367e+00
1.098736174404621124e+00
1.098747923970222473e+00
1.098815072327852249e+00
1.098799828439950943e+00
1.098845977336168289e+00
1.098786417394876480e+00
1.098733536899089813e+00
1.098762050271034241e+00
1.098904993385076523e+00
1.098789721727371216e+00
1.098784141242504120e+00
1.098797291517257690e+00
1.098787948489189148e+00
1.098808467388153076e+00
1.098857022821903229e+00
1.098750814795494080e+00
1.098786633461713791e+00
1.098781481385231018e+00
1.098660692572593689e+00
1.098844163119792938e+00
1.098796036094427109e+00
1.098774436861276627e+00
1.098756119608879089e+00
1.098739951848983765e+00
1.098760277032852173e+00
1.098715372383594513e+00
1.098733495920896530e+00
1.098714839667081833e+00
1.098741352558135986e+00
1.098746225237846375e+00
1.098737262189388275e+00
1.098807491362094879e+00
1.098765756934881210e+00
1.098692752420902252e+00
1.098735440522432327e+00
1.098665833473205566e+00
1.098733380436897278e+00
1.098795432597398758e+00
1.098750825971364975e+00
1.098788708448410034e+00
1.098689462989568710e+00
1.098709452897310257e+00
1.098780877888202667e+00
1.098884586244821548e+00
1.098804943263530731e+00
1.098707068711519241e+00
1.098751343786716461e+00
1.098896544426679611e+00
1.098834913223981857e+00
1.098832447081804276e+00
1.098701007664203644e+00
1.098970223218202591e+00
1.098945312201976776e+00
1.098769526928663254e+00
1.098725076764822006e+00
1.098721105605363846e+00
1.098709598183631897e+00
1.098737824708223343e+00
1.098831538110971451e+00
1.098831798881292343e+00
1.098764691501855850e+00
1.098750032484531403e+00
1.098740436136722565e+00
1.098691806197166443e+00
1.098738696426153183e+00
1.098754562437534332e+00
1.098714463412761688e+00
1.098716776818037033e+00
1.098712358623743057e+00
1.098794452846050262e+00
1.098841164261102676e+00
1.098693512380123138e+00
1.098764035850763321e+00
1.098902203142642975e+00
1.098699077963829041e+00
1.098791837692260742e+00
1.098767518997192383e+00
1.098716702312231064e+00
1.098817411810159683e+00
1.098792310804128647e+00
1.098763454705476761e+00
1.098815560340881348e+00
1.098825741559267044e+00
1.098801955580711365e+00
1.098870068788528442e+00
1.098761208355426788e+00
1.098770543932914734e+00
1.098730072379112244e+00
1.098753500729799271e+00
1.098818410187959671e+00
1.098809149116277695e+00
1.098829004913568497e+00
1.098808143287897110e+00
1.098714336752891541e+00
1.098747812211513519e+00
1.098786219954490662e+00
1.098715621978044510e+00
1.098702251911163330e+00
1.098862983286380768e+00
1.098743554204702377e+00
1.098732337355613708e+00
1.098904207348823547e+00
1.098795920610427856e+00
1.098822478204965591e+00
1.098871693015098572e+00
1.098831389099359512e+00
1.098746102303266525e+00
1.098913215100765228e+00
1.099018700420856476e+00
1.098820678889751434e+00
1.098740760236978531e+00
1.098797496408224106e+00
1.098698794841766357e+00
1.098782967776060104e+00
1.098830822855234146e+00
1.098723482340574265e+00
1.098687265068292618e+00
1.098706688731908798e+00
1.098710272461175919e+00
1.098756339401006699e+00
