1.098873533308506012e+00
1.098714977502822876e+00
1.098753944039344788e+00
1.098646745085716248e+00
1.098568402230739594e+00
1.098480217158794403e+00
1.098404932767152786e+00
1.098514240235090256e+00
1.098310206085443497e+00
1.098105709999799728e+00
1.098039366304874420e+00
1.097801521420478821e+00
1.097946692258119583e+00
1.097619511187076569e+00
1.096939224749803543e+00
1.096794974058866501e+00
1.096251379698514938e+00
1.095261435955762863e+00
1.094027921557426453e+00
1.091941654682159424e+00
1.088829945772886276e+00
1.085125513374805450e+00
1.079390872269868851e+00
1.074013728648424149e+00
1.065236866474151611e+00
1.054859969764947891e+00
1.034254342317581177e+00
1.001516919583082199e+00
9.581842031329870224e-01
9.077771864831447601e-01
8.617497943341732025e-01
9.122836552560329437e-01
8.269791472703218460e-01
8.599280323833227158e-01
7.944179773330688477e-01
7.806749865412712097e-01
7.692110426723957062e-01
7.626633495092391968e-01
7.577636577188968658e-01
7.541214656084775925e-01
7.570234853774309158e-01
7.497624978423118591e-01
7.391374651342630386e-01
7.283826675266027451e-01
7.393057066947221756e-01
7.364241685718297958e-01
7.221571616828441620e-01
7.234707176685333252e-01
7.152736335992813110e-01
7.218688298016786575e-01
7.139276545494794846e-01
7.076572664082050323e-01
6.991359926760196686e-01
7.028553038835525513e-01
6.966606248170137405e-01
6.875142343342304230e-01
6.788715831935405731e-01
6.676816008985042572e-01
6.586414184421300888e-01
6.438614688813686371e-01
6.251131016761064529e-01
6.043314114212989807e-01
5.907430313527584076e-01
5.763057786971330643e-01
5.582705447450280190e-01
5.519728371873497963e-01
5.385876474902033806e-01
5.473047615960240364e-01
5.241083940491080284e-01
5.299582723528146744e-01
5.172342751175165176e-01
5.079864999279379845e-01
4.977467888966202736e-01
4.932135296985507011e-01
4.906550897285342216e-01
4.967623194679617882e-01
4.832486156374216080e-01
4.780964571982622147e-01
4.697657097131013870e-01
4.693172238767147064e-01
4.731283308938145638e-01
4.668832449242472649e-01
4.487308068200945854e-01
4.435250740498304367e-01
4.610417410731315613e-01
4.423600705340504646e-01
4.456895710900425911e-01
4.452809691429138184e-01
4.392613712698221207e-01
4.447525329887866974e-01
4.374731006100773811e-01
4.340202808380126953e-01
4.232905358076095581e-01
4.291953956708312035e-01
4.255091650411486626e-01
4.231682047247886658e-01
4.263578401878476143e-01
4.263051273301243782e-01
4.253862686455249786e-01
4.188246810808777809e-01
4.168704841285943985e-01
4.147018333896994591e-01
4.072270160540938377e-01
4.129021419212222099e-01
4.060614500194787979e-01
4.111042348667979240e-01
4.089705310761928558e-01
4.005146436393260956e-01
4.075881047174334526e-01
4.014012524858117104e-01
4.042288269847631454e-01
4.004748938605189323e-01
4.002059157937765121e-01
4.060260662809014320e-01
4.046774171292781830e-01
4.011521553620696068e-01
3.998173894360661507e-01
3.995888354256749153e-01
3.964755088090896606e-01
3.902234314009547234e-01
3.992417613044381142e-01
3.962181797251105309e-01
3.903924981132149696e-01
3.911359896883368492e-01
3.907665126025676727e-01
3.899794081225991249e-01
3.879733597859740257e-01
3.857233291491866112e-01
3.894174117594957352e-01
3.923713518306612968e-01
3.881701780483126640e-01
3.885353617370128632e-01
3.894858192652463913e-01
3.787986543029546738e-01
3.817815389484167099e-01
3.820954076945781708e-01
3.865978736430406570e-01
3.851493308320641518e-01
3.822835208848118782e-01
3.805440338328480721e-01
3.825637791305780411e-01
3.902926174923777580e-01
3.817924344912171364e-01
3.779710289090871811e-01
3.767668465152382851e-01
3.805188750848174095e-01
3.759277770295739174e-01
3.756079506129026413e-01
3.724729008972644806e-01
3.801197241991758347e-01
3.825505822896957397e-01
3.696099258959293365e-01
3.734407545998692513e-01
3.804475255310535431e-01
3.734720293432474136e-01
3.694666167721152306e-01
3.736678776331245899e-01
3.727220613509416580e-01
3.739920081570744514e-01
3.732804059982299805e-01
3.645364111289381981e-01
3.757214453071355820e-01
3.666778998449444771e-01
3.667202312499284744e-01
3.638126356527209282e-01
3.764236569404602051e-01
3.665019432082772255e-01
3.692484023049473763e-01
3.691003788262605667e-01
3.696020841598510742e-01
3.657605443149805069e-01
3.630270278081297874e-01
3.626400707289576530e-01
3.640740131959319115e-01
3.615084411576390266e-01
3.629455668851733208e-01
3.596657160669565201e-01
3.631570590659976006e-01
3.621005862951278687e-01
3.624271480366587639e-01
3.625282235443592072e-01
3.603452164679765701e-01
3.580699097365140915e-01
3.534553665667772293e-01
3.565747961401939392e-01
3.571419413201510906e-01
3.573428113013505936e-01
3.575891684740781784e-01
3.566657444462180138e-01
3.581743864342570305e-01
3.511172542348504066e-01
3.555070264264941216e-01
3.560551833361387253e-01
3.527600020170211792e-01
3.609828241169452667e-01
3.502425868064165115e-01
3.531322581693530083e-01
3.505940688773989677e-01
3.532487894408404827e-01
3.499673027545213699e-01
