1.098746284842491150e+00
1.098686333745718002e+00
1.098724890500307083e+00
1.098863527178764343e+00
1.098878741264343262e+00
1.098715975880622864e+00
1.098807409405708313e+00
1.098738770931959152e+00
1.098624061793088913e+00
1.098645150661468506e+00
1.098679821938276291e+00
1.098660476505756378e+00
1.098671514540910721e+00
1.098678570240736008e+00
1.098913922905921936e+00
1.098888777196407318e+00
1.098558936268091202e+00
1.098786626011133194e+00
1.098747443407773972e+00
1.098683040589094162e+00
1.098660476505756378e+00
1.098419047892093658e+00
1.098555456846952438e+00
1.098679088056087494e+00
1.098566014319658279e+00
1.098575223237276077e+00
1.098580330610275269e+00
1.098250333219766617e+00
1.098275545984506607e+00
1.098203781992197037e+00
1.098361976444721222e+00
1.098269123584032059e+00
1.097994349896907806e+00
1.098177284002304077e+00
1.098050191998481750e+00
1.097869981080293655e+00
1.097657851874828339e+00
1.097820926457643509e+00
1.097499892115592957e+00
1.097556669265031815e+00
1.097250632941722870e+00
1.096862293779850006e+00
1.096301246434450150e+00
1.096069879829883575e+00
1.095579881221055984e+00
1.094979193061590195e+00
1.093978300690650940e+00
1.093924671411514282e+00
1.093480389565229416e+00
1.092774119228124619e+00
1.091995541006326675e+00
1.091895166784524918e+00
1.090973418205976486e+00
1.090032309293746948e+00
1.088622581213712692e+00
1.087293859571218491e+00
1.085432581603527069e+00
1.083828009665012360e+00
1.083106040954589844e+00
1.079699967056512833e+00
1.080377370119094849e+00
1.073586907237768173e+00
1.070133704692125320e+00
1.068250603973865509e+00
1.052577953785657883e+00
1.038599001243710518e+00
1.041922822594642639e+00
1.028104929253458977e+00
1.014385204762220383e+00
1.009055519476532936e+00
9.932428784668445587e-01
9.909792840480804443e-01
9.828721489757299423e-01
9.807623382657766342e-01
9.757705796509981155e-01
9.728395324200391769e-01
9.643262680619955063e-01
9.653397668153047562e-01
9.659105353057384491e-01
9.622168317437171936e-01
9.615317676216363907e-01
9.558517392724752426e-01
9.512126632034778595e-01
9.512359276413917542e-01
9.503094460815191269e-01
9.528342857956886292e-01
9.499477799981832504e-01
9.546208288520574570e-01
9.474757518619298935e-01
9.486689064651727676e-01
9.540915470570325851e-01
9.482106920331716537e-01
9.518497642129659653e-01
9.419145714491605759e-01
9.449058622121810913e-01
9.381722621619701385e-01
9.419372566044330597e-01
9.399401694536209106e-01
9.445906355977058411e-01
9.363225400447845459e-01
9.342024177312850952e-01
9.461975544691085815e-01
9.412325266748666763e-01
9.342452157288789749e-01
9.380521327257156372e-01
9.336048942059278488e-01
9.404939319938421249e-01
9.408191461116075516e-01
9.341410938650369644e-01
9.360788166522979736e-01
9.374201968312263489e-01
9.343317802995443344e-01
9.297238830476999283e-01
9.334431085735559464e-01
9.331968333572149277e-01
9.355759490281343460e-01
9.341295287013053894e-01
9.306777175515890121e-01
9.240321796387434006e-01
9.249454624950885773e-01
9.308335576206445694e-01
9.257786702364683151e-01
9.264739658683538437e-01
9.219180513173341751e-01
9.207052439451217651e-01
9.228066671639680862e-01
9.175812453031539917e-01
9.136308990418910980e-01
9.180809855461120605e-01
9.161103293299674988e-01
9.105104412883520126e-01
9.078007489442825317e-01
9.000719692558050156e-01
9.009813293814659119e-01
8.958901613950729370e-01
8.881772216409444809e-01
8.860726654529571533e-01
8.835890050977468491e-01
8.803801238536834717e-01
8.777616005390882492e-01
8.660069722682237625e-01
8.711000476032495499e-01
8.636270817369222641e-01
8.668044470250606537e-01
8.610037788748741150e-01
8.582768067717552185e-01
8.601285405457019806e-01
8.612140174955129623e-01
8.625125978142023087e-01
8.566652368754148483e-01
8.542855661362409592e-01
8.502187039703130722e-01
8.613707460463047028e-01
8.467246815562248230e-01
8.518585022538900375e-01
8.501936309039592743e-01
8.485389556735754013e-01
8.498629666864871979e-01
8.485926054418087006e-01
8.427172712981700897e-01
8.405892737209796906e-01
8.365351501852273941e-01
8.450389429926872253e-01
8.447114601731300354e-01
8.449258245527744293e-01
8.414097875356674194e-01
8.392360527068376541e-01
8.419255185872316360e-01
8.375610113143920898e-01
8.371025193482637405e-01
8.373620193451642990e-01
8.268006816506385803e-01
8.317344617098569870e-01
8.344798758625984192e-01
8.292858917266130447e-01
8.325268067419528961e-01
8.177653122693300247e-01
8.316365778446197510e-01
8.256213795393705368e-01
8.222258985042572021e-01
8.173435311764478683e-01
8.257124759256839752e-01
8.181429356336593628e-01
8.154576048254966736e-01
8.318915851414203644e-01
8.118063826113939285e-01
8.163553122431039810e-01
8.111470546573400497e-01
8.202880192548036575e-01
8.150891587138175964e-01
8.230764605104923248e-01
8.075264021754264832e-01
8.059688191860914230e-01
8.051476478576660156e-01
8.065134659409523010e-01
8.096311539411544800e-01
8.023422416299581528e-01
8.189853969961404800e-01
8.052466381341218948e-01
7.973859533667564392e-01
