1.099061001092195511e+00
1.098727453500032425e+00
1.098852861672639847e+00
1.098746441304683685e+00
1.098791345953941345e+00
1.098675332963466644e+00
1.098735664039850235e+00
1.098727621138095856e+00
1.098640192300081253e+00
1.098716109991073608e+00
1.098798412829637527e+00
1.098651755601167679e+00
1.098736993968486786e+00
1.098880287259817123e+00
1.098856475204229355e+00
1.098953776061534882e+00
1.098831359297037125e+00
1.098893500864505768e+00
1.098655246198177338e+00
1.098732911050319672e+00
1.099029257893562317e+00
1.098721392452716827e+00
1.098643533885478973e+00
1.098670605570077896e+00
1.098632186651229858e+00
1.098773699253797531e+00
1.098691415041685104e+00
1.098712261766195297e+00
1.098743431270122528e+00
1.098738141357898712e+00
1.098761677742004395e+00
1.098808508366346359e+00
1.098742600530385971e+00
1.098663240671157837e+00
1.098716527223587036e+00
1.098684869706630707e+00
1.098657149821519852e+00
1.098680134862661362e+00
1.098767463117837906e+00
1.098639093339443207e+00
1.098900854587554932e+00
1.098821733146905899e+00
1.098774362355470657e+00
1.098693858832120895e+00
1.098660103976726532e+00
1.098654542118310928e+00
1.098684571683406830e+00
1.098774801939725876e+00
1.098744586110115051e+00
1.098853174597024918e+00
1.098790563642978668e+00
1.098661888390779495e+00
1.098833184689283371e+00
1.098709855228662491e+00
1.098690882325172424e+00
1.098680641502141953e+00
1.098709996789693832e+00
1.098694659769535065e+00
1.098602820187807083e+00
1.098699700087308884e+00
1.098788384348154068e+00
1.098773922771215439e+00
1.098693218082189560e+00
1.098727531731128693e+00
1.098646856844425201e+00
1.098618660122156143e+00
1.098767001181840897e+00
1.098671108484268188e+00
1.098715137690305710e+00
1.098725769668817520e+00
1.098547533154487610e+00
1.098729528486728668e+00
1.098695080727338791e+00
1.098584078252315521e+00
1.098593860864639282e+00
1.098561361432075500e+00
1.098674695938825607e+00
1.098704066127538681e+00
1.098633006215095520e+00
1.098646901547908783e+00
1.098515033721923828e+00
1.098716795444488525e+00
1.098664302378892899e+00
1.098692778497934341e+00
1.098673600703477859e+00
1.098533101379871368e+00
1.098457597196102142e+00
1.098444871604442596e+00
1.098606701940298080e+00
1.098545156419277191e+00
1.098474424332380295e+00
1.098563551902770996e+00
1.098530579358339310e+00
1.098256200551986694e+00
1.098381906747817993e+00
1.098589684814214706e+00
1.098317738622426987e+00
1.098491668701171875e+00
1.098388992249965668e+00
1.098258048295974731e+00
1.098366230726242065e+00
1.097958769649267197e+00
1.098189458250999451e+00
1.098103571683168411e+00
1.097939610481262207e+00
1.097978744655847549e+00
1.097930498421192169e+00
1.097971212118864059e+00
1.097836468368768692e+00
1.097704570740461349e+00
1.097711946815252304e+00
1.098369657993316650e+00
1.097445100545883179e+00
1.097378812730312347e+00
1.098073765635490417e+00
1.097465183585882187e+00
1.097205847501754761e+00
1.097398165613412857e+00
1.096976801753044128e+00
1.096502833068370819e+00
1.096913166344165802e+00
1.096762474626302719e+00
1.096692807972431183e+00
1.096614360809326172e+00
1.096526227891445160e+00
1.096633952111005783e+00
1.095940098166465759e+00
1.095816131681203842e+00
1.095690049231052399e+00
1.095567911863327026e+00
1.095272991806268692e+00
1.094350051134824753e+00
1.095046646893024445e+00
1.094336416572332382e+00
1.094935812056064606e+00
1.092887587845325470e+00
1.092786658555269241e+00
1.091955397278070450e+00
1.092533089220523834e+00
1.090335767716169357e+00
1.090169854462146759e+00
1.088248673826456070e+00
1.088919542729854584e+00
1.086783971637487411e+00
1.085884440690279007e+00
1.084807228296995163e+00
1.085053637623786926e+00
1.084726411849260330e+00
1.081632651388645172e+00
1.081992685794830322e+00
1.081329841166734695e+00
1.078584611415863037e+00
1.076324604451656342e+00
1.073105994611978531e+00
1.069671154022216797e+00
1.066212888807058334e+00
1.064462698996067047e+00
1.069687679409980774e+00
1.056749418377876282e+00
1.054845090955495834e+00
1.048351738601922989e+00
1.057285664603114128e+00
1.046593189239501953e+00
1.052328657358884811e+00
1.045831017196178436e+00
1.040464678779244423e+00
1.040197249501943588e+00
1.040489941835403442e+00
1.039946757256984711e+00
1.042281422764062881e+00
1.036385782063007355e+00
1.034304846078157425e+00
1.036709927022457123e+00
1.050402702763676643e+00
1.034989416599273682e+00
1.035515096038579941e+00
1.033938053995370865e+00
1.031709035858511925e+00
1.031219530850648880e+00
1.030004689469933510e+00
1.027176996693015099e+00
1.031264254823327065e+00
1.029661064967513084e+00
1.027060488238930702e+00
1.031005928292870522e+00
1.026522981002926826e+00
1.027749616652727127e+00
1.031979879364371300e+00
1.028017580509185791e+00
1.023975575342774391e+00
1.024103658273816109e+00
1.026250448077917099e+00
1.022559555247426033e+00
1.022426616400480270e+00
1.023479219526052475e+00
1.024180941283702850e+00
1.021078139543533325e+00
1.021811600774526596e+00
1.022197490558028221e+00
1.022323722019791603e+00
