3.293749988079071045e-01
3.217499852180480957e-01
3.323749899864196777e-01
3.286249935626983643e-01
3.302499949932098389e-01
3.212499916553497314e-01
3.333750069141387939e-01
3.268750011920928955e-01
3.307499885559082031e-01
3.221249878406524658e-01
3.260000050067901611e-01
3.283750116825103760e-01
3.280000090599060059e-01
3.277499973773956299e-01
3.339999914169311523e-01
3.291249871253967285e-01
3.282499909400939941e-01
3.240000009536743164e-01
3.251250088214874268e-01
3.146249949932098389e-01
3.268750011920928955e-01
3.211250007152557373e-01
3.286249935626983643e-01
3.289999961853027344e-01
3.311249911785125732e-01
3.293749988079071045e-01
3.283750116825103760e-01
3.277499973773956299e-01
3.296250104904174805e-01
3.323749899864196777e-01
3.306249976158142090e-01
3.298749923706054688e-01
3.218750059604644775e-01
3.291249871253967285e-01
3.288750052452087402e-01
3.310000002384185791e-01
3.339999914169311523e-01
3.292500078678131104e-01
3.314999938011169434e-01
3.280000090599060059e-01
3.318749964237213135e-01
3.228749930858612061e-01
3.271250128746032715e-01
3.261249959468841553e-01
3.291249871253967285e-01
3.255000114440917969e-01
3.336249887943267822e-01
3.317500054836273193e-01
3.358750045299530029e-01
3.314999938011169434e-01
3.321250081062316895e-01
3.260000050067901611e-01
3.341250121593475342e-01
3.307499885559082031e-01
3.316250145435333252e-01
3.213750123977661133e-01
3.355000019073486328e-01
3.281250000000000000e-01
3.321250081062316895e-01
3.332499861717224121e-01
3.321250081062316895e-01
3.319999873638153076e-01
3.219999969005584717e-01
3.253749907016754150e-01
3.256250023841857910e-01
3.302499949932098389e-01
3.311249911785125732e-01
3.382500112056732178e-01
3.336249887943267822e-01
3.325000107288360596e-01
3.355000019073486328e-01
3.346250057220458984e-01
3.281250000000000000e-01
3.338750004768371582e-01
3.375000059604644775e-01
3.293749988079071045e-01
3.366250097751617432e-01
3.314999938011169434e-01
3.342500030994415283e-01
3.403750061988830566e-01
3.321250081062316895e-01
3.319999873638153076e-01
3.392499983310699463e-01
3.328750133514404297e-01
3.294999897480010986e-01
3.261249959468841553e-01
3.392499983310699463e-01
3.276250064373016357e-01
3.417499959468841553e-01
3.408749997615814209e-01
3.451249897480010986e-01
3.387500047683715820e-01
3.383750021457672119e-01
3.314999938011169434e-01
3.420000076293945312e-01
3.421249985694885254e-01
3.303749859333038330e-01
3.400000035762786865e-01
3.367500007152557373e-01
3.395000100135803223e-01
3.353750109672546387e-01
3.458749949932098389e-01
3.412500023841857910e-01
3.415000140666961670e-01
3.440000116825103760e-01
3.379999995231628418e-01
3.339999914169311523e-01
3.353750109672546387e-01
3.346250057220458984e-01
3.488749861717224121e-01
3.377499878406524658e-01
3.485000133514404297e-01
3.472500145435333252e-01
3.501250147819519043e-01
3.485000133514404297e-01
3.518750071525573730e-01
3.457500040531158447e-01
3.546249866485595703e-01
3.459999859333038330e-01
3.515000045299530029e-01
3.499999940395355225e-01
3.473750054836273193e-01
3.457500040531158447e-01
3.446249961853027344e-01
3.420000076293945312e-01
3.553749918937683105e-01
3.507499992847442627e-01
3.476249873638153076e-01
3.537499904632568359e-01
3.448750078678131104e-01
3.582499921321868896e-01
3.601250052452087402e-01
3.441250026226043701e-01
3.537499904632568359e-01
3.531250059604644775e-01
3.658750057220458984e-01
3.655000030994415283e-01
3.662500083446502686e-01
3.741250038146972656e-01
3.688749969005584717e-01
3.813750147819519043e-01
3.849999904632568359e-01
3.833749890327453613e-01
3.896250128746032715e-01
3.939999938011169434e-01
3.993749916553497314e-01
4.110000133514404297e-01
4.255000054836273193e-01
4.291250109672546387e-01
4.186249971389770508e-01
4.368749856948852539e-01
4.337500035762786865e-01
4.457499980926513672e-01
4.490000009536743164e-01
4.566250145435333252e-01
4.498749971389770508e-01
4.496249854564666748e-01
4.586249887943267822e-01
4.553749859333038330e-01
4.633750021457672119e-01
4.625000059604644775e-01
4.715000092983245850e-01
4.716250002384185791e-01
4.605000019073486328e-01
4.732500016689300537e-01
4.717499911785125732e-01
4.715000092983245850e-01
4.716250002384185791e-01
4.779999852180480957e-01
4.699999988079071045e-01
4.742499887943267822e-01
4.810000061988830566e-01
4.715000092983245850e-01
4.790000021457672119e-01
4.765000045299530029e-01
4.749999940395355225e-01
4.796249866485595703e-01
4.906249940395355225e-01
4.883750081062316895e-01
4.841249883174896240e-01
4.813750088214874268e-01
4.880000054836273193e-01
4.867500066757202148e-01
4.846250116825103760e-01
4.862500131130218506e-01
4.858750104904174805e-01
4.877499938011169434e-01
4.887500107288360596e-01
4.852499961853027344e-01
4.868749976158142090e-01
4.872500002384185791e-01
4.945000112056732178e-01
4.844999909400939941e-01
4.883750081062316895e-01
4.984999895095825195e-01
4.880000054836273193e-01
4.875000119209289551e-01
4.913749992847442627e-01
4.913749992847442627e-01
4.990000128746032715e-01
