3.305000066757202148e-01
3.268750011920928955e-01
3.242500126361846924e-01
3.314999938011169434e-01
3.271250128746032715e-01
3.404999971389770508e-01
3.431249856948852539e-01
3.472500145435333252e-01
3.408749997615814209e-01
3.456250131130218506e-01
3.420000076293945312e-01
3.483749926090240479e-01
3.473750054836273193e-01
3.462499976158142090e-01
3.561249971389770508e-01
3.568750023841857910e-01
3.742499947547912598e-01
3.608750104904174805e-01
3.777500092983245850e-01
3.880000114440917969e-01
3.957499861717224121e-01
4.021250009536743164e-01
4.047499895095825195e-01
4.205000102519989014e-01
4.306249916553497314e-01
4.417499899864196777e-01
4.786249995231628418e-01
5.136250257492065430e-01
5.393750071525573730e-01
5.811250209808349609e-01
5.986250042915344238e-01
5.613750219345092773e-01
6.194999814033508301e-01
5.926250219345092773e-01
6.392499804496765137e-01
6.478750109672546387e-01
6.535000205039978027e-01
6.516249775886535645e-01
6.581249833106994629e-01
6.616250276565551758e-01
6.602500081062316895e-01
6.683750152587890625e-01
6.737499833106994629e-01
6.761249899864196777e-01
6.716250181198120117e-01
6.733750104904174805e-01
6.856250166893005371e-01
6.812499761581420898e-01
6.866250038146972656e-01
6.855000257492065430e-01
6.896250247955322266e-01
6.873750090599060059e-01
6.984999775886535645e-01
7.003750205039978027e-01
6.995000243186950684e-01
7.078750133514404297e-01
7.106249928474426270e-01
7.174999713897705078e-01
7.285000085830688477e-01
7.393749952316284180e-01
7.469999790191650391e-01
7.592499852180480957e-01
7.695000171661376953e-01
7.736250162124633789e-01
7.853749990463256836e-01
7.894999980926513672e-01
7.917500138282775879e-01
7.936249971389770508e-01
8.025000095367431641e-01
7.972499728202819824e-01
8.090000152587890625e-01
8.084999918937683105e-01
8.148750066757202148e-01
8.177499771118164062e-01
8.126249909400939941e-01
8.138750195503234863e-01
8.165000081062316895e-01
8.196250200271606445e-01
8.227499723434448242e-01
8.255000114440917969e-01
8.186249732971191406e-01
8.206250071525573730e-01
8.283749818801879883e-01
8.303750157356262207e-01
8.268749713897705078e-01
8.323749899864196777e-01
8.317499756813049316e-01
8.318750262260437012e-01
8.366249799728393555e-01
8.330000042915344238e-01
8.346250057220458984e-01
8.363749980926513672e-01
8.402500152587890625e-01
8.358749747276306152e-01
8.376250267028808594e-01
8.411250114440917969e-01
8.355000019073486328e-01
8.368750214576721191e-01
8.403750061988830566e-01
8.403750061988830566e-01
8.466249704360961914e-01
8.451250195503234863e-01
8.471249938011169434e-01
8.438749909400939941e-01
8.492500185966491699e-01
8.458750247955322266e-01
8.486250042915344238e-01
8.528749942779541016e-01
8.468750119209289551e-01
8.510000109672546387e-01
8.488749861717224121e-01
8.510000109672546387e-01
8.493750095367431641e-01
8.502500057220458984e-01
8.489999771118164062e-01
8.467500209808349609e-01
8.513749837875366211e-01
8.516250252723693848e-01
8.562499880790710449e-01
8.531249761581420898e-01
8.533750176429748535e-01
8.535000085830688477e-01
8.547499775886535645e-01
8.560000061988830566e-01
8.572499752044677734e-01
8.554999828338623047e-01
8.568750023841857910e-01
8.554999828338623047e-01
8.587499856948852539e-01
8.544999957084655762e-01
8.572499752044677734e-01
8.566250205039978027e-01
8.547499775886535645e-01
8.578749895095825195e-01
8.601250052452087402e-01
8.598750233650207520e-01
8.594999909400939941e-01
8.582500219345092773e-01
8.557500243186950684e-01
8.554999828338623047e-01
8.582500219345092773e-01
8.567500114440917969e-01
8.616250157356262207e-01
8.604999780654907227e-01
8.615000247955322266e-01
8.603749871253967285e-01
8.616250157356262207e-01
8.615000247955322266e-01
8.671249747276306152e-01
8.596249818801879883e-01
8.550000190734863281e-01
8.637499809265136719e-01
8.637499809265136719e-01
8.603749871253967285e-01
8.628749847412109375e-01
8.652499914169311523e-01
8.656250238418579102e-01
8.662499785423278809e-01
8.616250157356262207e-01
8.626250028610229492e-01
8.650000095367431641e-01
8.641250133514404297e-01
8.654999732971191406e-01
8.677499890327453613e-01
8.692499995231628418e-01
8.612499833106994629e-01
8.654999732971191406e-01
8.642500042915344238e-01
8.652499914169311523e-01
8.607500195503234863e-01
8.675000071525573730e-01
8.688750267028808594e-01
8.676249980926513672e-01
8.667500019073486328e-01
8.675000071525573730e-01
8.648750185966491699e-01
8.683750033378601074e-01
8.647500276565551758e-01
8.659999966621398926e-01
8.701249957084655762e-01
8.668749928474426270e-01
8.705000281333923340e-01
8.663750290870666504e-01
8.711249828338623047e-01
8.687499761581420898e-01
8.708750009536743164e-01
8.677499890327453613e-01
8.684999942779541016e-01
8.677499890327453613e-01
8.684999942779541016e-01
8.711249828338623047e-01
8.698750138282775879e-01
8.701249957084655762e-01
8.726249933242797852e-01
8.682500123977661133e-01
8.717499971389770508e-01
8.679999709129333496e-01
8.708750009536743164e-01
8.726249933242797852e-01
8.721250295639038086e-01
