1.098762281239032745e+00
1.098846390843391418e+00
1.098448731005191803e+00
1.098670780658721924e+00
1.098595581948757172e+00
1.098165605217218399e+00
1.098083756864070892e+00
1.097589936107397079e+00
1.097179584205150604e+00
1.096710469573736191e+00
1.096102058887481689e+00
1.094749756157398224e+00
1.093139953911304474e+00
1.091186497360467911e+00
1.088333196938037872e+00
1.084056276828050613e+00
1.079443071037530899e+00
1.071052938699722290e+00
1.061952304095029831e+00
1.040179695934057236e+00
1.022966675460338593e+00
9.903136435896158218e-01
9.501166623085737228e-01
9.355643354356288910e-01
8.962662462145090103e-01
9.090698976069688797e-01
8.814539685845375061e-01
8.478159587830305099e-01
8.695804551243782043e-01
8.457072935998439789e-01
8.433320038020610809e-01
8.403274323791265488e-01
8.314436189830303192e-01
8.313547801226377487e-01
8.280195109546184540e-01
8.134316913783550262e-01
8.161539249122142792e-01
8.024856597185134888e-01
8.040225729346275330e-01
7.917501255869865417e-01
8.032958116382360458e-01
7.896793317049741745e-01
7.931628338992595673e-01
7.942582257091999054e-01
7.893271986395120621e-01
7.926857471466064453e-01
7.773229498416185379e-01
7.822385765612125397e-01
7.839130870997905731e-01
7.722408585250377655e-01
7.712641675025224686e-01
7.698975447565317154e-01
7.745081111788749695e-01
7.615173198282718658e-01
7.570239789783954620e-01
7.662756200879812241e-01
7.570164371281862259e-01
7.573290392756462097e-01
7.485378962010145187e-01
7.482564970850944519e-01
7.460567653179168701e-01
7.461966909468173981e-01
7.429410796612501144e-01
7.466564290225505829e-01
7.454241961240768433e-01
7.391439434140920639e-01
7.354309484362602234e-01
7.328489366918802261e-01
7.257608976215124130e-01
7.286548409610986710e-01
7.234426867216825485e-01
7.280852049589157104e-01
7.183225620537996292e-01
7.186208460479974747e-01
7.244697920978069305e-01
7.105214446783065796e-01
7.043770551681518555e-01
7.204732093960046768e-01
7.123720180243253708e-01
7.054313141852617264e-01
7.015456482768058777e-01
7.110107094049453735e-01
7.013628035783767700e-01
7.063039876520633698e-01
7.102454919368028641e-01
6.959232371300458908e-01
6.972893271595239639e-01
6.979830730706453323e-01
7.010223083198070526e-01
7.013130765408277512e-01
6.944292411208152771e-01
6.938937585800886154e-01
6.910153720527887344e-01
6.863988917320966721e-01
6.934764310717582703e-01
6.774737574160099030e-01
6.796431913971900940e-01
6.835209503769874573e-01
6.807709317654371262e-01
6.801668312400579453e-01
6.729682404547929764e-01
6.728478055447340012e-01
6.555718872696161270e-01
6.494799163192510605e-01
6.437601204961538315e-01
6.376064848154783249e-01
6.250637788325548172e-01
6.294740047305822372e-01
6.107655074447393417e-01
6.172103509306907654e-01
6.003153268247842789e-01
6.128114275634288788e-01
5.957070142030715942e-01
5.999038852751255035e-01
5.923076495528221130e-01
5.939486259594559669e-01
5.856201266869902611e-01
5.835647284984588623e-01
5.795860588550567627e-01
5.864362781867384911e-01
5.732504604384303093e-01
5.800843508914113045e-01
5.570751978084445000e-01
5.635660765692591667e-01
5.581035902723670006e-01
5.628558974713087082e-01
5.663141496479511261e-01
5.517728039994835854e-01
5.545760188251733780e-01
5.501588126644492149e-01
5.512785688042640686e-01
5.427983468398451805e-01
5.397807043045759201e-01
5.329177593812346458e-01
5.297329220920801163e-01
5.358752207830548286e-01
5.422655222937464714e-01
5.393311819061636925e-01
5.333961918950080872e-01
5.270596947520971298e-01
5.357392905279994011e-01
5.129316030070185661e-01
5.235848296433687210e-01
5.262721488252282143e-01
5.109920715913176537e-01
5.192453861236572266e-01
5.222218539565801620e-01
5.166071346029639244e-01
5.163117144256830215e-01
5.115667907521128654e-01
5.077781500294804573e-01
5.167368715628981590e-01
5.109540680423378944e-01
5.144730452448129654e-01
5.154517814517021179e-01
5.013227779418230057e-01
5.124944541603326797e-01
5.113546149805188179e-01
5.185859343037009239e-01
4.982749531045556068e-01
5.030680214986205101e-01
5.026373369619250298e-01
5.030504856258630753e-01
4.877661792561411858e-01
4.907898493111133575e-01
4.911372764036059380e-01
4.992143120616674423e-01
5.157032916322350502e-01
4.957131855189800262e-01
4.995208876207470894e-01
5.018567303195595741e-01
4.987863870337605476e-01
5.013964464887976646e-01
4.946015439927577972e-01
4.950161576271057129e-01
4.950857227668166161e-01
4.978439081460237503e-01
5.161586562171578407e-01
4.909249795600771904e-01
5.031896447762846947e-01
4.844079278409481049e-01
4.908604454249143600e-01
4.918665243312716484e-01
4.890968035906553268e-01
4.879237851127982140e-01
4.894289392977952957e-01
4.913637889549136162e-01
4.838017215952277184e-01
4.928475730121135712e-01
4.898368585854768753e-01
4.882634775713086128e-01
4.892390305176377296e-01
4.855636358261108398e-01
4.913009870797395706e-01
4.798782858997583389e-01
4.831340424716472626e-01
4.801972368732094765e-01
4.786968948319554329e-01
4.788809381425380707e-01
4.761300105601549149e-01
