1.098658088594675064e+00
1.098897811025381088e+00
1.098807480186223984e+00
1.098836496472358704e+00
1.098660703748464584e+00
1.098895180970430374e+00
1.098916217684745789e+00
1.098691307008266449e+00
1.098826818168163300e+00
1.098696961998939514e+00
1.098771747201681137e+00
1.098747968673706055e+00
1.098623637109994888e+00
1.098786514252424240e+00
1.098706707358360291e+00
1.098831944167613983e+00
1.098595757037401199e+00
1.098564691841602325e+00
1.098465990275144577e+00
1.098826862871646881e+00
1.098604008555412292e+00
1.098446302115917206e+00
1.098384968936443329e+00
1.098193384706974030e+00
1.098260980099439621e+00
1.098533503711223602e+00
1.097857709974050522e+00
1.097790636122226715e+00
1.097397815436124802e+00
1.097411211580038071e+00
1.096779007464647293e+00
1.096130222082138062e+00
1.095208883285522461e+00
1.094240356236696243e+00
1.092623107135295868e+00
1.090754024684429169e+00
1.087169323116540909e+00
1.081351716071367264e+00
1.068620774894952774e+00
1.041441444307565689e+00
1.019072052091360092e+00
9.842698182910680771e-01
9.789337012916803360e-01
9.741492066532373428e-01
9.585844799876213074e-01
9.556895606219768524e-01
9.405907373875379562e-01
9.382407143712043762e-01
9.374297186732292175e-01
9.264187179505825043e-01
9.198765419423580170e-01
9.279007390141487122e-01
9.188378285616636276e-01
9.098761249333620071e-01
9.135645888745784760e-01
9.055105168372392654e-01
8.951157219707965851e-01
8.924037721008062363e-01
8.925223276019096375e-01
8.970256131142377853e-01
8.894789256155490875e-01
8.837933689355850220e-01
8.795002605766057968e-01
8.798323087394237518e-01
8.767089378088712692e-01
8.845698125660419464e-01
8.727076109498739243e-01
8.745345920324325562e-01
8.757486622780561447e-01
8.666001018136739731e-01
8.670187667012214661e-01
8.733909204602241516e-01
8.707966879010200500e-01
8.671569768339395523e-01
8.623093292117118835e-01
8.650123346596956253e-01
8.608706705272197723e-01
8.638786245137453079e-01
8.642691969871520996e-01
8.612783439457416534e-01
8.563378099352121353e-01
8.571576531976461411e-01
8.514190539717674255e-01
8.553757350891828537e-01
8.551401998847723007e-01
8.474631384015083313e-01
8.452052157372236252e-01
8.403732739388942719e-01
8.395306523889303207e-01
8.405822608619928360e-01
8.308223076164722443e-01
8.343423958867788315e-01
8.286331966519355774e-01
8.273541722446680069e-01
8.264834526926279068e-01
8.286506440490484238e-01
8.177024628967046738e-01
8.164018988609313965e-01
8.199976421892642975e-01
8.138850089162588120e-01
8.142254967242479324e-01
8.140858020633459091e-01
8.064335249364376068e-01
8.116485867649316788e-01
8.068412858992815018e-01
8.031090851873159409e-01
8.040590826421976089e-01
8.024701103568077087e-01
8.003620263189077377e-01
7.964585479348897934e-01
7.994057647883892059e-01
7.991657815873622894e-01
7.913826256990432739e-01
7.915538847446441650e-01
7.886809315532445908e-01
7.947053331881761551e-01
7.815895229578018188e-01
7.933520767837762833e-01
7.826012521982192993e-01
7.774745300412178040e-01
7.811239995062351227e-01
7.756793703883886337e-01
7.759767118841409683e-01
7.772401552647352219e-01
7.687097750604152679e-01
7.699620481580495834e-01
7.682722881436347961e-01
7.614728901535272598e-01
7.648002374917268753e-01
7.540179789066314697e-01
7.495324779301881790e-01
7.546079382300376892e-01
7.469557244330644608e-01
7.410661000758409500e-01
7.325128037482500076e-01
7.283616121858358383e-01
7.375948242843151093e-01
7.249415274709463120e-01
7.231800705194473267e-01
7.153245341032743454e-01
7.118940930813550949e-01
7.130934670567512512e-01
7.067441903054714203e-01
7.017949111759662628e-01
7.009894642978906631e-01
7.013575918972492218e-01
6.902249343693256378e-01
6.918364912271499634e-01
6.905770115554332733e-01
6.945620123296976089e-01
6.915477197617292404e-01
6.824284996837377548e-01
6.776652783155441284e-01
6.860311087220907211e-01
6.789813414216041565e-01
6.807630471885204315e-01
6.729824393987655640e-01
6.831657607108354568e-01
6.784931868314743042e-01
6.712211612612009048e-01
6.722991373389959335e-01
6.688937582075595856e-01
6.758413035422563553e-01
6.712763570249080658e-01
6.719470564275979996e-01
6.618743166327476501e-01
6.740285549312829971e-01
6.664770673960447311e-01
6.688400581479072571e-01
6.652244497090578079e-01
6.594434436410665512e-01
6.590276975184679031e-01
6.571462601423263550e-01
6.663996744900941849e-01
6.597013082355260849e-01
6.571224872022867203e-01
6.568652763962745667e-01
6.674719229340553284e-01
6.520305983722209930e-01
6.544069293886423111e-01
6.628031618893146515e-01
6.621387545019388199e-01
6.573078539222478867e-01
6.498330030590295792e-01
6.609119996428489685e-01
6.554399412125349045e-01
6.503170877695083618e-01
6.567176133394241333e-01
6.560150701552629471e-01
6.508986689150333405e-01
6.543885264545679092e-01
6.512678712606430054e-01
6.500499267131090164e-01
6.500296220183372498e-01
6.525279264897108078e-01
6.482960842549800873e-01
6.516220141202211380e-01
6.416407786309719086e-01
6.536428015679121017e-01
6.503437533974647522e-01
