3.338750004768371582e-01
3.212499916553497314e-01
3.322499990463256836e-01
3.236249983310699463e-01
3.358750045299530029e-01
3.317500054836273193e-01
3.345000147819519043e-01
3.252499997615814209e-01
3.300000131130218506e-01
3.241249918937683105e-01
3.321250081062316895e-01
3.285000026226043701e-01
3.333750069141387939e-01
3.336249887943267822e-01
3.317500054836273193e-01
3.341250121593475342e-01
3.280000090599060059e-01
3.207499980926513672e-01
3.322499990463256836e-01
3.333750069141387939e-01
3.288750052452087402e-01
3.261249959468841553e-01
3.318749964237213135e-01
3.293749988079071045e-01
3.317500054836273193e-01
3.260000050067901611e-01
3.294999897480010986e-01
3.312500119209289551e-01
3.303749859333038330e-01
3.257499933242797852e-01
3.345000147819519043e-01
3.318749964237213135e-01
3.311249911785125732e-01
3.298749923706054688e-01
3.285000026226043701e-01
3.271250128746032715e-01
3.323749899864196777e-01
3.296250104904174805e-01
3.263750076293945312e-01
3.282499909400939941e-01
3.333750069141387939e-01
3.313750028610229492e-01
3.212499916553497314e-01
3.327499926090240479e-01
3.238750100135803223e-01
3.316250145435333252e-01
3.346250057220458984e-01
3.294999897480010986e-01
3.308750092983245850e-01
3.376249969005584717e-01
3.331249952316284180e-01
3.228749930858612061e-01
3.236249983310699463e-01
3.268750011920928955e-01
3.336249887943267822e-01
3.238750100135803223e-01
3.332499861717224121e-01
3.322499990463256836e-01
3.282499909400939941e-01
3.257499933242797852e-01
3.286249935626983643e-01
3.256250023841857910e-01
3.238750100135803223e-01
3.232499957084655762e-01
3.305000066757202148e-01
3.293749988079071045e-01
3.337500095367431641e-01
3.342500030994415283e-01
3.301250040531158447e-01
3.210000097751617432e-01
3.321250081062316895e-01
3.318749964237213135e-01
3.253749907016754150e-01
3.330000042915344238e-01
3.296250104904174805e-01
3.292500078678131104e-01
3.242500126361846924e-01
3.283750116825103760e-01
3.291249871253967285e-01
3.251250088214874268e-01
3.242500126361846924e-01
3.291249871253967285e-01
3.333750069141387939e-01
3.255000114440917969e-01
3.291249871253967285e-01
3.333750069141387939e-01
3.253749907016754150e-01
3.272500038146972656e-01
3.255000114440917969e-01
3.332499861717224121e-01
3.310000002384185791e-01
3.332499861717224121e-01
3.274999856948852539e-01
3.333750069141387939e-01
3.300000131130218506e-01
3.333750069141387939e-01
3.240000009536743164e-01
3.311249911785125732e-01
3.283750116825103760e-01
3.251250088214874268e-01
3.288750052452087402e-01
3.307499885559082031e-01
3.282499909400939941e-01
3.238750100135803223e-01
3.300000131130218506e-01
3.333750069141387939e-01
3.288750052452087402e-01
3.249999880790710449e-01
3.230000138282775879e-01
3.264999985694885254e-01
3.251250088214874268e-01
3.262499868869781494e-01
3.253749907016754150e-01
3.306249976158142090e-01
3.237499892711639404e-01
3.242500126361846924e-01
3.267500102519989014e-01
3.190000057220458984e-01
3.333750069141387939e-01
3.316250145435333252e-01
3.226250112056732178e-01
3.332499861717224121e-01
3.260000050067901611e-01
3.216249942779541016e-01
3.337500095367431641e-01
3.288750052452087402e-01
3.228749930858612061e-01
3.282499909400939941e-01
3.317500054836273193e-01
3.238750100135803223e-01
3.261249959468841553e-01
3.208749890327453613e-01
3.260000050067901611e-01
3.267500102519989014e-01
3.336249887943267822e-01
3.300000131130218506e-01
3.294999897480010986e-01
3.277499973773956299e-01
3.253749907016754150e-01
3.244999945163726807e-01
3.283750116825103760e-01
3.319999873638153076e-01
3.323749899864196777e-01
3.244999945163726807e-01
3.333750069141387939e-01
3.302499949932098389e-01
3.272500038146972656e-01
3.293749988079071045e-01
3.218750059604644775e-01
3.251250088214874268e-01
3.302499949932098389e-01
3.325000107288360596e-01
3.298749923706054688e-01
3.282499909400939941e-01
3.248749971389770508e-01
3.323749899864196777e-01
3.252499997615814209e-01
3.323749899864196777e-01
3.300000131130218506e-01
3.317500054836273193e-01
3.256250023841857910e-01
3.286249935626983643e-01
3.271250128746032715e-01
3.333750069141387939e-01
3.311249911785125732e-01
3.333750069141387939e-01
3.314999938011169434e-01
3.232499957084655762e-01
3.266249895095825195e-01
3.332499861717224121e-01
3.276250064373016357e-01
3.310000002384185791e-01
3.247500061988830566e-01
3.319999873638153076e-01
3.334999978542327881e-01
3.232499957084655762e-01
3.300000131130218506e-01
3.260000050067901611e-01
3.336249887943267822e-01
3.286249935626983643e-01
3.296250104904174805e-01
3.305000066757202148e-01
3.334999978542327881e-01
3.226250112056732178e-01
3.244999945163726807e-01
3.257499933242797852e-01
3.244999945163726807e-01
3.240000009536743164e-01
3.291249871253967285e-01
3.332499861717224121e-01
3.289999961853027344e-01
3.303749859333038330e-01
3.322499990463256836e-01
3.276250064373016357e-01
3.306249976158142090e-01
3.318749964237213135e-01
3.316250145435333252e-01
3.289999961853027344e-01
3.262499868869781494e-01
3.198750019073486328e-01
