1.098782218992710114e+00
1.098708372563123703e+00
1.098753593862056732e+00
1.098724842071533203e+00
1.098808974027633667e+00
1.098803680390119553e+00
1.098879888653755188e+00
1.098884072154760361e+00
1.098811849951744080e+00
1.098743021488189697e+00
1.098718326538801193e+00
1.098752822726964951e+00
1.098750490695238113e+00
1.098720811307430267e+00
1.098701663315296173e+00
1.098731655627489090e+00
1.098784178495407104e+00
1.098751951009035110e+00
1.098686520010232925e+00
1.098766565322875977e+00
1.098800975829362869e+00
1.098767969757318497e+00
1.098756127059459686e+00
1.098852660506963730e+00
1.098736293613910675e+00
1.098805628716945648e+00
1.098740201443433762e+00
1.098716463893651962e+00
1.098675511777400970e+00
1.098683834075927734e+00
1.098775673657655716e+00
1.098734892904758453e+00
1.098810397088527679e+00
1.098691172897815704e+00
1.098724186420440674e+00
1.098731391131877899e+00
1.098719187080860138e+00
1.098741848021745682e+00
1.098744031041860580e+00
1.098748434334993362e+00
1.098745860159397125e+00
1.098797410726547241e+00
1.098744153976440430e+00
1.098751079291105270e+00
1.098799306899309158e+00
1.098967391997575760e+00
1.098731487989425659e+00
1.098714813590049744e+00
1.098747041076421738e+00
1.098817925900220871e+00
1.098753433674573898e+00
1.098814848810434341e+00
1.098761379718780518e+00
1.098763626068830490e+00
1.098857332020998001e+00
1.098806701600551605e+00
1.098760262131690979e+00
1.098798483610153198e+00
1.098714832216501236e+00
1.098765246570110321e+00
1.098695334047079086e+00
1.098758604377508163e+00
1.098839335143566132e+00
1.098805550485849380e+00
1.098747327923774719e+00
1.098743516951799393e+00
1.098808135837316513e+00
1.098839558660984039e+00
1.098843388259410858e+00
1.098747801035642624e+00
1.098759781569242477e+00
1.098716389387845993e+00
1.098814621567726135e+00
1.098928343504667282e+00
1.098731268197298050e+00
1.098699279129505157e+00
1.098787993192672729e+00
1.098853733390569687e+00
1.098746675997972488e+00
1.098732113838195801e+00
1.098771728575229645e+00
1.098702985793352127e+00
1.098670262843370438e+00
1.098751354962587357e+00
1.098698671907186508e+00
1.098781246691942215e+00
1.098808813840150833e+00
1.098733551800251007e+00
1.098789431154727936e+00
1.098739430308341980e+00
1.098746083676815033e+00
1.098965380340814590e+00
1.098844263702630997e+00
1.098714441061019897e+00
1.098728932440280914e+00
1.098766561597585678e+00
1.098762411624193192e+00
1.098845224827528000e+00
1.098795153200626373e+00
1.098752237856388092e+00
1.098730269819498062e+00
1.098717045038938522e+00
1.098866064101457596e+00
1.098779954016208649e+00
1.098678641021251678e+00
1.098746016621589661e+00
1.098725032061338425e+00
1.098744466900825500e+00
1.098899431526660919e+00
1.098760668188333511e+00
1.098744723945856094e+00
1.098783642053604126e+00
1.098854936659336090e+00
1.098737422376871109e+00
1.098785784095525742e+00
1.098726477473974228e+00
1.098847240209579468e+00
1.098688647150993347e+00
1.098743561655282974e+00
1.098760385066270828e+00
1.098755802959203720e+00
1.098783403635025024e+00
1.098819602280855179e+00
1.098742701113224030e+00
1.098700489848852158e+00
1.098767552524805069e+00
1.098833642899990082e+00
1.098663426935672760e+00
1.098715946078300476e+00
1.098749015480279922e+00
1.098728012293577194e+00
1.098783764988183975e+00
1.098697200417518616e+00
1.098744463175535202e+00
1.098765578120946884e+00
1.098706390708684921e+00
1.098768133670091629e+00
1.098876509815454483e+00
1.098747994750738144e+00
1.098802916705608368e+00
1.098961103707551956e+00
1.098918195813894272e+00
1.098745912313461304e+00
1.098827473819255829e+00
1.098799113184213638e+00
1.098856091499328613e+00
1.098816655576229095e+00
1.098759949207305908e+00
1.098808359354734421e+00
1.098667055368423462e+00
1.098698325455188751e+00
1.098744034767150879e+00
1.098752297461032867e+00
1.098718877881765366e+00
1.098773073405027390e+00
1.098749250173568726e+00
1.098754242062568665e+00
1.098849993199110031e+00
1.098692927509546280e+00
1.098750438541173935e+00
1.098765347152948380e+00
1.098811730742454529e+00
1.098663259297609329e+00
1.098747283220291138e+00
1.098700013011693954e+00
1.098769247531890869e+00
1.098722454160451889e+00
1.098769389092922211e+00
1.098720632493495941e+00
1.098707240074872971e+00
1.098757013678550720e+00
1.098786409944295883e+00
1.098741937428712845e+00
1.098815247416496277e+00
1.098840758204460144e+00
1.098734091967344284e+00
1.098740763962268829e+00
1.098762337118387222e+00
1.098761968314647675e+00
1.098762396723031998e+00
1.098805230110883713e+00
1.098773047327995300e+00
1.098807670176029205e+00
1.098782438784837723e+00
1.098728775978088379e+00
1.098672088235616684e+00
1.098726116120815277e+00
1.098704416304826736e+00
1.098809938877820969e+00
1.098728407174348831e+00
1.098715655505657196e+00
1.098779771476984024e+00
1.098744630813598633e+00
1.098735749721527100e+00
1.098769724369049072e+00
1.098778225481510162e+00
1.098795723170042038e+00
1.098727371543645859e+00
1.098700124770402908e+00
1.098768994212150574e+00
