1.098767053335905075e+00
1.098905954509973526e+00
1.098755508661270142e+00
1.098825331777334213e+00
1.098723597824573517e+00
1.098742205649614334e+00
1.098776374012231827e+00
1.098733857274055481e+00
1.098691370338201523e+00
1.098719149827957153e+00
1.098631933331489563e+00
1.098721791058778763e+00
1.098732396960258484e+00
1.098765414208173752e+00
1.098724719136953354e+00
1.098672695457935333e+00
1.098821200430393219e+00
1.098729804158210754e+00
1.098801780492067337e+00
1.098721399903297424e+00
1.098728761076927185e+00
1.098835550248622894e+00
1.098719216883182526e+00
1.098794385790824890e+00
1.098802134394645691e+00
1.098842896521091461e+00
1.098751515150070190e+00
1.098797511309385300e+00
1.098726484924554825e+00
1.098797272890806198e+00
1.098743367940187454e+00
1.098772119730710983e+00
1.098782826215028763e+00
1.098751906305551529e+00
1.098733250051736832e+00
1.098769370466470718e+00
1.098687563091516495e+00
1.098689403384923935e+00
1.098717123270034790e+00
1.098741512745618820e+00
1.098778560757637024e+00
1.098809070885181427e+00
1.098848711699247360e+00
1.098750203847885132e+00
1.098738279193639755e+00
1.098744198679924011e+00
1.098734527826309204e+00
1.098910585045814514e+00
1.098873864859342575e+00
1.098783992230892181e+00
1.098864044994115829e+00
1.098752681165933609e+00
1.098713289946317673e+00
1.098753336817026138e+00
1.098834380507469177e+00
1.098764181137084961e+00
1.098818469792604446e+00
1.098707534372806549e+00
1.098741840571165085e+00
1.098726950585842133e+00
1.098714802414178848e+00
1.098823025822639465e+00
1.098929002881050110e+00
1.098762426525354385e+00
1.098720744252204895e+00
1.098818220198154449e+00
1.098780106753110886e+00
1.098706781864166260e+00
1.098696198314428329e+00
1.098781105130910873e+00
1.098710253834724426e+00
1.098717138171195984e+00
1.098841305822134018e+00
1.098720621317625046e+00
1.098742611706256866e+00
1.098831024020910263e+00
1.098872192203998566e+00
1.098744582384824753e+00
1.098821002990007401e+00
1.098752886056900024e+00
1.098704650998115540e+00
1.098734527826309204e+00
1.098699066787958145e+00
1.098782051354646683e+00
1.098809812217950821e+00
1.098788306117057800e+00
1.098747003823518753e+00
1.098772764205932617e+00
1.098788335919380188e+00
1.098728012293577194e+00
1.098769120872020721e+00
1.098985746502876282e+00
1.098734021186828613e+00
1.098755951970815659e+00
1.098871674388647079e+00
1.098829723894596100e+00
1.098735023289918900e+00
1.098842814564704895e+00
1.098798111081123352e+00
1.098810687661170959e+00
1.098833084106445312e+00
1.098681092262268066e+00
1.098676782101392746e+00
1.098737243562936783e+00
1.098823338747024536e+00
1.098812919110059738e+00
1.098699182271957397e+00
1.098760522902011871e+00
1.098781101405620575e+00
1.098666496574878693e+00
1.098742708563804626e+00
1.099003933370113373e+00
1.098768293857574463e+00
1.098701842129230499e+00
1.098804000765085220e+00
1.098822426050901413e+00
1.098848201334476471e+00
1.098776973783969879e+00
1.098755206912755966e+00
1.098824489861726761e+00
1.098635412752628326e+00
1.098809178918600082e+00
1.098703932017087936e+00
1.098675735294818878e+00
1.098727215081453323e+00
1.098768107593059540e+00
1.098744943737983704e+00
1.098742354661226273e+00
1.098754085600376129e+00
1.098688371479511261e+00
1.098758254200220108e+00
1.098725866526365280e+00
1.098739080131053925e+00
1.098751187324523926e+00
1.098786912858486176e+00
1.098795440047979355e+00
1.098764702677726746e+00
1.098758455365896225e+00
1.098725996911525726e+00
1.098690114915370941e+00
1.098785649985074997e+00
1.098753511905670166e+00
1.098770268261432648e+00
1.098678037524223328e+00
1.098732806742191315e+00
1.098681382834911346e+00
1.098722789436578751e+00
1.098746296018362045e+00
1.098808020353317261e+00
1.098798573017120361e+00
1.098702255636453629e+00
1.098890226334333420e+00
1.098822105675935745e+00
1.098827518522739410e+00
1.098718032240867615e+00
1.098803959786891937e+00
1.098775085061788559e+00
1.098749905824661255e+00
1.098723858594894409e+00
1.098762851208448410e+00
1.098707538098096848e+00
1.098776973783969879e+00
1.098900265991687775e+00
1.098678130656480789e+00
1.098712667822837830e+00
1.098758842796087265e+00
1.098764095455408096e+00
1.098886307328939438e+00
1.098774243146181107e+00
1.098769519478082657e+00
1.098764844238758087e+00
1.098809845745563507e+00
1.098721645772457123e+00
1.098707307130098343e+00
1.098757542669773102e+00
1.098778728395700455e+00
1.098720550537109375e+00
1.098704356700181961e+00
1.098795525729656219e+00
1.098794441670179367e+00
1.098834209144115448e+00
1.098768629133701324e+00
1.098873380571603775e+00
1.098847117274999619e+00
1.098720397800207138e+00
1.098806440830230713e+00
1.098739035427570343e+00
1.098754227161407471e+00
1.098791185766458511e+00
1.098798904567956924e+00
1.098853021860122681e+00
1.098749477416276932e+00
1.098710697144269943e+00
1.098706871271133423e+00
1.098767980933189392e+00
1.098794393241405487e+00
1.098718360066413879e+00
1.098782181739807129e+00
1.098694633692502975e+00
1.098783686757087708e+00
