3.271250128746032715e-01
3.317500054836273193e-01
3.224999904632568359e-01
3.278749883174896240e-01
3.316250145435333252e-01
3.367500007152557373e-01
3.291249871253967285e-01
3.317500054836273193e-01
3.373749852180480957e-01
3.238750100135803223e-01
3.362500071525573730e-01
3.337500095367431641e-01
3.314999938011169434e-01
3.280000090599060059e-01
3.325000107288360596e-01
3.249999880790710449e-01
3.260000050067901611e-01
3.197500109672546387e-01
3.302499949932098389e-01
3.308750092983245850e-01
3.201250135898590088e-01
3.252499997615814209e-01
3.388749957084655762e-01
3.334999978542327881e-01
3.305000066757202148e-01
3.267500102519989014e-01
3.322499990463256836e-01
3.274999856948852539e-01
3.291249871253967285e-01
3.307499885559082031e-01
3.230000138282775879e-01
3.277499973773956299e-01
3.334999978542327881e-01
3.366250097751617432e-01
3.252499997615814209e-01
3.334999978542327881e-01
3.321250081062316895e-01
3.287500143051147461e-01
3.352499902248382568e-01
3.301250040531158447e-01
3.238750100135803223e-01
3.274999856948852539e-01
3.300000131130218506e-01
3.294999897480010986e-01
3.306249976158142090e-01
3.280000090599060059e-01
3.294999897480010986e-01
3.327499926090240479e-01
3.313750028610229492e-01
3.244999945163726807e-01
3.256250023841857910e-01
3.325000107288360596e-01
3.307499885559082031e-01
3.336249887943267822e-01
3.287500143051147461e-01
3.261249959468841553e-01
3.257499933242797852e-01
3.273749947547912598e-01
3.317500054836273193e-01
3.310000002384185791e-01
3.262499868869781494e-01
3.256250023841857910e-01
3.317500054836273193e-01
3.339999914169311523e-01
3.337500095367431641e-01
3.301250040531158447e-01
3.293749988079071045e-01
3.391250073909759521e-01
3.307499885559082031e-01
3.321250081062316895e-01
3.384999930858612061e-01
3.253749907016754150e-01
3.305000066757202148e-01
3.327499926090240479e-01
3.398750126361846924e-01
3.404999971389770508e-01
3.326250016689300537e-01
3.302499949932098389e-01
3.319999873638153076e-01
3.338750004768371582e-01
3.395000100135803223e-01
3.337500095367431641e-01
3.280000090599060059e-01
3.372499942779541016e-01
3.310000002384185791e-01
3.312500119209289551e-01
3.400000035762786865e-01
3.426249921321868896e-01
3.263750076293945312e-01
3.381249904632568359e-01
3.363749980926513672e-01
3.321250081062316895e-01
3.379999995231628418e-01
3.420000076293945312e-01
3.334999978542327881e-01
3.400000035762786865e-01
3.423750102519989014e-01
3.408749997615814209e-01
3.325000107288360596e-01
3.375000059604644775e-01
3.323749899864196777e-01
3.483749926090240479e-01
3.393749892711639404e-01
3.433749973773956299e-01
3.501250147819519043e-01
3.388749957084655762e-01
3.442499935626983643e-01
3.400000035762786865e-01
3.447499871253967285e-01
3.499999940395355225e-01
3.501250147819519043e-01
3.422499895095825195e-01
3.456250131130218506e-01
3.495000004768371582e-01
3.373749852180480957e-01
3.524999916553497314e-01
3.345000147819519043e-01
3.453750014305114746e-01
3.454999923706054688e-01
3.510000109672546387e-01
3.486250042915344238e-01
3.449999988079071045e-01
3.535000085830688477e-01
3.524999916553497314e-01
3.463749885559082031e-01
3.577499985694885254e-01
3.606249988079071045e-01
3.628750145435333252e-01
3.664999902248382568e-01
3.622500002384185791e-01
3.698750138282775879e-01
3.711250126361846924e-01
3.633750081062316895e-01
3.689999878406524658e-01
3.696250021457672119e-01
3.767499923706054688e-01
3.712500035762786865e-01
3.777500092983245850e-01
3.746249973773956299e-01
3.792499899864196777e-01
3.856250047683715820e-01
3.905000090599060059e-01
3.897500038146972656e-01
3.885000050067901611e-01
3.939999938011169434e-01
3.919999897480010986e-01
3.938750028610229492e-01
3.905000090599060059e-01
4.017499983310699463e-01
3.975000083446502686e-01
4.081250131130218506e-01
4.095000028610229492e-01
4.176250100135803223e-01
4.242500066757202148e-01
4.205000102519989014e-01
4.268749952316284180e-01
4.242500066757202148e-01
4.152500033378601074e-01
4.300000071525573730e-01
4.292500019073486328e-01
4.393750131130218506e-01
4.289999902248382568e-01
4.390000104904174805e-01
4.307500123977661133e-01
4.418750107288360596e-01
4.467499852180480957e-01
4.474999904632568359e-01
4.493750035762786865e-01
4.492500126361846924e-01
4.474999904632568359e-01
4.472500085830688477e-01
4.553749859333038330e-01
4.616250097751617432e-01
4.368749856948852539e-01
4.524999856948852539e-01
4.578750133514404297e-01
4.467499852180480957e-01
4.547500014305114746e-01
4.591250121593475342e-01
4.584999978542327881e-01
4.588750004768371582e-01
4.552499949932098389e-01
4.526250064373016357e-01
4.650000035762786865e-01
4.572499990463256836e-01
4.650000035762786865e-01
4.629999995231628418e-01
4.538750052452087402e-01
4.564999938011169434e-01
4.632500112056732178e-01
4.606249928474426270e-01
4.652499854564666748e-01
4.683749973773956299e-01
4.613749980926513672e-01
4.626249969005584717e-01
4.595000147819519043e-01
4.608750045299530029e-01
4.627499878406524658e-01
4.679999947547912598e-01
4.636250138282775879e-01
