1.098752539604902267e+00
1.098868288099765778e+00
1.098802864551544189e+00
1.098847676068544388e+00
1.098789211362600327e+00
1.098749604076147079e+00
1.098721142858266830e+00
1.098755363374948502e+00
1.098736774176359177e+00
1.098752155900001526e+00
1.098706383258104324e+00
1.098779942840337753e+00
1.098724607378244400e+00
1.098889853805303574e+00
1.098802268505096436e+00
1.098676212131977081e+00
1.098707783967256546e+00
1.098910342901945114e+00
1.098741527646780014e+00
1.098739612847566605e+00
1.098757017403841019e+00
1.098742879927158356e+00
1.098720513284206390e+00
1.098729733377695084e+00
1.098815966397523880e+00
1.098741430789232254e+00
1.098764423280954361e+00
1.098802011460065842e+00
1.098744321614503860e+00
1.098883319646120071e+00
1.098753962665796280e+00
1.098770245909690857e+00
1.098908640444278717e+00
1.098822861909866333e+00
1.098836258053779602e+00
1.098728079348802567e+00
1.098674617707729340e+00
1.098703309893608093e+00
1.098702415823936462e+00
1.098793271929025650e+00
1.098895378410816193e+00
1.098918423056602478e+00
1.098762482404708862e+00
1.098838165402412415e+00
1.098809897899627686e+00
1.098714277148246765e+00
1.098760712891817093e+00
1.098685406148433685e+00
1.098682999610900879e+00
1.098781149834394455e+00
1.098689738661050797e+00
1.098688732832670212e+00
1.098795890808105469e+00
1.098706729710102081e+00
1.098695620894432068e+00
1.098713342100381851e+00
1.098660290241241455e+00
1.098712678998708725e+00
1.098678547888994217e+00
1.098689723759889603e+00
1.098708901554346085e+00
1.098670296370983124e+00
1.098791137337684631e+00
1.098771285265684128e+00
1.098893608897924423e+00
1.098758313804864883e+00
1.098977383226156235e+00
1.098650135099887848e+00
1.098722260445356369e+00
1.098788361996412277e+00
1.098820500075817108e+00
1.098680797964334488e+00
1.099089697003364563e+00
1.098686993122100830e+00
1.098701804876327515e+00
1.098680615425109863e+00
1.098703023046255112e+00
1.098653681576251984e+00
1.098644301295280457e+00
1.098609615117311478e+00
1.098794531077146530e+00
1.098583750426769257e+00
1.098567087203264236e+00
1.098659761250019073e+00
1.098641384392976761e+00
1.098710805177688599e+00
1.098554689437150955e+00
1.098713990300893784e+00
1.098652053624391556e+00
1.098459415137767792e+00
1.098482660949230194e+00
1.098534666001796722e+00
1.098571293056011200e+00
1.098499316722154617e+00
1.098458837717771530e+00
1.098461326211690903e+00
1.098489865660667419e+00
1.098508503288030624e+00
1.098438702523708344e+00
1.098460964858531952e+00
1.098388664424419403e+00
1.098437335342168808e+00
1.098309330642223358e+00
1.098348148167133331e+00
1.098175052553415298e+00
1.098007615655660629e+00
1.098526790738105774e+00
1.098417341709136963e+00
1.098084155470132828e+00
1.098021063953638077e+00
1.098051466047763824e+00
1.098034568130970001e+00
1.097968354821205139e+00
1.097793772816658020e+00
1.097881633788347244e+00
1.097430832684040070e+00
1.097065601497888565e+00
1.096611395478248596e+00
1.096283204853534698e+00
1.096618372946977615e+00
1.096446011215448380e+00
1.096906349062919617e+00
1.096970688551664352e+00
1.096344273537397385e+00
1.096678066998720169e+00
1.096576683223247528e+00
1.095893718302249908e+00
1.095813211053609848e+00
1.095916267484426498e+00
1.095981497317552567e+00
1.096069354563951492e+00
1.095826100558042526e+00
1.096383437514305115e+00
1.095098182559013367e+00
1.095089994370937347e+00
1.094257719814777374e+00
1.093735150992870331e+00
1.093077674508094788e+00
1.092253949493169785e+00
1.092229433357715607e+00
1.091411780565977097e+00
1.089241974055767059e+00
1.088972166180610657e+00
1.087583504617214203e+00
1.085984010249376297e+00
1.082134064286947250e+00
1.077281937003135681e+00
1.070617936551570892e+00
1.064653869718313217e+00
1.065298493951559067e+00
1.057751011103391647e+00
1.051391515880823135e+00
1.048957943916320801e+00
1.043188247829675674e+00
1.039005573838949203e+00
1.031222237274050713e+00
1.032032746821641922e+00
1.033352661877870560e+00
1.026647547259926796e+00
1.027024962007999420e+00
1.027494272217154503e+00
1.017434230074286461e+00
1.015489231795072556e+00
1.019731784239411354e+00
1.009630899876356125e+00
1.009391818195581436e+00
1.007179392501711845e+00
1.008264200761914253e+00
1.008837575092911720e+00
1.007771503180265427e+00
1.009535765275359154e+00
1.003504140302538872e+00
1.009056270122528076e+00
1.000905200839042664e+00
1.003709424287080765e+00
1.007479062303900719e+00
1.004751430824398994e+00
9.998492151498794556e-01
1.002595003694295883e+00
1.001706453040242195e+00
1.004055680707097054e+00
1.000742945820093155e+00
9.987560156732797623e-01
9.975639358162879944e-01
1.000409035012125969e+00
1.002840582281351089e+00
9.986184202134609222e-01
9.960126187652349472e-01
9.955125469714403152e-01
9.931270629167556763e-01
9.933697711676359177e-01
9.931102804839611053e-01
9.948905315250158310e-01
9.943581353873014450e-01
9.936691522598266602e-01
9.957385938614606857e-01
9.951851740479469299e-01
9.936526715755462646e-01
9.926455914974212646e-01
9.879221878945827484e-01
