1.098809581249952316e+00
1.098786883056163788e+00
1.098703611642122269e+00
1.098814643919467926e+00
1.098722957074642181e+00
1.098817177116870880e+00
1.098743539303541183e+00
1.098892882466316223e+00
1.098824705928564072e+00
1.098757404834032059e+00
1.098705910146236420e+00
1.098690643906593323e+00
1.098766434937715530e+00
1.098800938576459885e+00
1.098789747804403305e+00
1.098733890801668167e+00
1.098756451159715652e+00
1.098768655210733414e+00
1.099020101130008698e+00
1.098847646266222000e+00
1.098705332726240158e+00
1.098770640790462494e+00
1.098727062344551086e+00
1.098817743360996246e+00
1.098752494901418686e+00
1.098766881972551346e+00
1.098766844719648361e+00
1.098738931119441986e+00
1.098751612007617950e+00
1.098785001784563065e+00
1.098690189421176910e+00
1.098759725689888000e+00
1.098703254014253616e+00
1.098765477538108826e+00
1.098792176693677902e+00
1.098791569471359253e+00
1.098721526563167572e+00
1.098810341209173203e+00
1.098822161555290222e+00
1.098789088428020477e+00
1.098760135471820831e+00
1.098724614828824997e+00
1.098783824592828751e+00
1.098683167248964310e+00
1.098822958767414093e+00
1.098712608218193054e+00
1.098723102360963821e+00
1.098717410117387772e+00
1.098800763487815857e+00
1.098640780895948410e+00
1.098736792802810669e+00
1.098795540630817413e+00
1.098888441920280457e+00
1.098769322037696838e+00
1.098724182695150375e+00
1.098837383091449738e+00
1.098734442144632339e+00
1.098803054541349411e+00
1.098753128200769424e+00
1.098681159317493439e+00
1.098772075027227402e+00
1.098730526864528656e+00
1.098774943500757217e+00
1.098739631474018097e+00
1.098709274083375931e+00
1.098706524819135666e+00
1.098691873252391815e+00
1.098861105740070343e+00
1.098763920366764069e+00
1.098716415464878082e+00
1.098725605756044388e+00
1.099076133221387863e+00
1.098980542272329330e+00
1.098677743226289749e+00
1.098757605999708176e+00
1.098829098045825958e+00
1.098743744194507599e+00
1.098808575421571732e+00
1.098700106143951416e+00
1.098781608045101166e+00
1.098736818879842758e+00
1.098682042211294174e+00
1.098758257925510406e+00
1.098702862858772278e+00
1.098733779042959213e+00
1.098750561475753784e+00
1.098729759454727173e+00
1.098778154700994492e+00
1.098851885646581650e+00
1.098731350153684616e+00
1.098839178681373596e+00
1.098765671253204346e+00
1.098715700209140778e+00
1.098768681287765503e+00
1.098712183535099030e+00
1.098758328706026077e+00
1.098734777420759201e+00
1.098680846393108368e+00
1.098717760294675827e+00
1.098730940371751785e+00
1.098815072327852249e+00
1.098838176578283310e+00
1.098712690174579620e+00
1.098766967654228210e+00
1.098783995956182480e+00
1.098751660436391830e+00
1.098742920905351639e+00
1.098722804337739944e+00
1.098741535097360611e+00
1.098754778504371643e+00
1.098789982497692108e+00
1.098699323832988739e+00
1.098816026002168655e+00
1.098751347512006760e+00
1.098716236650943756e+00
1.098697684705257416e+00
1.098862305283546448e+00
1.098870642483234406e+00
1.098695944994688034e+00
1.098754018545150757e+00
1.098900996148586273e+00
1.098741933703422546e+00
1.098747365176677704e+00
1.098816823214292526e+00
1.098715759813785553e+00
1.098718803375959396e+00
1.098774712532758713e+00
1.098803613334894180e+00
1.098799582570791245e+00
1.098720539361238480e+00
1.098743662238121033e+00
1.098719034343957901e+00
1.098799396306276321e+00
1.098728414624929428e+00
1.098743461072444916e+00
1.098767068237066269e+00
1.098796274513006210e+00
1.098838821053504944e+00
1.098709408193826675e+00
1.098698377609252930e+00
1.098750412464141846e+00
1.098733119666576385e+00
1.098781529814004898e+00
1.098703984171152115e+00
1.098715543746948242e+00
1.098742268979549408e+00
1.098759204149246216e+00
1.098766740411520004e+00
1.098927780985832214e+00
1.098824393004179001e+00
1.098741281777620316e+00
1.098711147904396057e+00
1.098784156143665314e+00
1.098769515752792358e+00
1.098717167973518372e+00
1.098720807582139969e+00
1.098745424300432205e+00
1.098877519369125366e+00
1.098704438656568527e+00
1.098848436027765274e+00
1.098740898072719574e+00
1.098694372922182083e+00
1.098799332976341248e+00
1.098808683454990387e+00
1.098775390535593033e+00
1.098735447973012924e+00
1.098784867674112320e+00
1.098830759525299072e+00
1.098787035793066025e+00
1.098696298897266388e+00
1.098760493099689484e+00
1.098820101469755173e+00
1.098741248250007629e+00
1.098767474293708801e+00
1.098704896867275238e+00
1.098712760955095291e+00
1.098736576735973358e+00
1.098734796047210693e+00
1.098669171333312988e+00
1.098743002861738205e+00
1.098753564059734344e+00
1.098948992788791656e+00
1.098743319511413574e+00
1.098773352801799774e+00
1.098714567720890045e+00
1.098774716258049011e+00
1.098864562809467316e+00
1.098752457648515701e+00
1.098769973963499069e+00
1.098700508475303650e+00
1.098882041871547699e+00
1.098747670650482178e+00
1.098707575350999832e+00
1.098828762769699097e+00
1.098716136068105698e+00
1.098722163587808609e+00
1.098781798034906387e+00
1.098817948251962662e+00
1.098806336522102356e+00
1.098756827414035797e+00
