1.098830319941043854e+00
1.098772954195737839e+00
1.098786924034357071e+00
1.098824463784694672e+00
1.098798278719186783e+00
1.098719079047441483e+00
1.098953038454055786e+00
1.098747245967388153e+00
1.098789136856794357e+00
1.098705548793077469e+00
1.098713308572769165e+00
1.098822508007287979e+00
1.098876826465129852e+00
1.098705183714628220e+00
1.098747417330741882e+00
1.098735135048627853e+00
1.098816420882940292e+00
1.098803658038377762e+00
1.098815452307462692e+00
1.098734308034181595e+00
1.098799042403697968e+00
1.098669916391372681e+00
1.098758459091186523e+00
1.098749876022338867e+00
1.098787065595388412e+00
1.098898071795701981e+00
1.098869383335113525e+00
1.098704695701599121e+00
1.098704554140567780e+00
1.098754439502954483e+00
1.098764006048440933e+00
1.098937846720218658e+00
1.098953634500503540e+00
1.098732162266969681e+00
1.098713137209415436e+00
1.098761413246393204e+00
1.098867133259773254e+00
1.098800376057624817e+00
1.098847802728414536e+00
1.098722070455551147e+00
1.098731372505426407e+00
1.098825551569461823e+00
1.098760154098272324e+00
1.098719917237758636e+00
1.098747204989194870e+00
1.098729465156793594e+00
1.098907440900802612e+00
1.098788622766733170e+00
1.098784625530242920e+00
1.098793953657150269e+00
1.098752394318580627e+00
1.098743334412574768e+00
1.098802950233221054e+00
1.098778977990150452e+00
1.098723996430635452e+00
1.098729096353054047e+00
1.098804853856563568e+00
1.098753388971090317e+00
1.098917309194803238e+00
1.098823066800832748e+00
1.098750367760658264e+00
1.098753143101930618e+00
1.098721325397491455e+00
1.098769560456275940e+00
1.098753012716770172e+00
1.098808676004409790e+00
1.098732680082321167e+00
1.098712664097547531e+00
1.098722577095031738e+00
1.098719622939825058e+00
1.098737787455320358e+00
1.098744522780179977e+00
1.098745409399271011e+00
1.098840232938528061e+00
1.098845139145851135e+00
1.098856396973133087e+00
1.098848477005958557e+00
1.098759964108467102e+00
1.098804295063018799e+00
1.098809540271759033e+00
1.098835546523332596e+00
1.098793201148509979e+00
1.098723527044057846e+00
1.098835870623588562e+00
1.098748892545700073e+00
1.098698530346155167e+00
1.098799098283052444e+00
1.098714914172887802e+00
1.098743729293346405e+00
1.098715201020240784e+00
1.098769396543502808e+00
1.098702143877744675e+00
1.098723109811544418e+00
1.098766051232814789e+00
1.098696995526552200e+00
1.098803576081991196e+00
1.098766151815652847e+00
1.098753303289413452e+00
1.098813518881797791e+00
1.098751727491617203e+00
1.098758008331060410e+00
1.098809506744146347e+00
1.098693393170833588e+00
1.098812937736511230e+00
1.098803721368312836e+00
1.098808769136667252e+00
1.098747257143259048e+00
1.098786644637584686e+00
1.098797351121902466e+00
1.098748922348022461e+00
1.098711147904396057e+00
1.098742939531803131e+00
1.098746635019779205e+00
1.098850041627883911e+00
1.098743513226509094e+00
1.098736964166164398e+00
1.098739836364984512e+00
1.098820798099040985e+00
1.098820064216852188e+00
1.098832082003355026e+00
1.098737616091966629e+00
1.098688591271638870e+00
1.098716206848621368e+00
1.098714515566825867e+00
1.098851043730974197e+00
1.098787762224674225e+00
1.098685786128044128e+00
1.098751410841941833e+00
1.098754707723855972e+00
1.098719015717506409e+00
1.098807029426097870e+00
1.098784137517213821e+00
1.098696377128362656e+00
1.098824504762887955e+00
1.098842497915029526e+00
1.098944250494241714e+00
1.098737869411706924e+00
1.098795101046562195e+00
1.098758742213249207e+00
1.098816853016614914e+00
1.098753940314054489e+00
1.098785202950239182e+00
1.098670367151498795e+00
1.098730184137821198e+00
1.098778732120990753e+00
1.098760560154914856e+00
1.098894268274307251e+00
1.098747316747903824e+00
1.098777290433645248e+00
1.098736770451068878e+00
1.098697654902935028e+00
1.098833300173282623e+00
1.098741136491298676e+00
1.098916061222553253e+00
1.098760966211557388e+00
1.098798885941505432e+00
1.098707787692546844e+00
1.098790291696786880e+00
1.098728373646736145e+00
1.098785839974880219e+00
1.098795805126428604e+00
1.098744411021471024e+00
1.098760414868593216e+00
1.098823260515928268e+00
1.098795279860496521e+00
1.098837561905384064e+00
1.098719041794538498e+00
1.098769910633563995e+00
1.098746124655008316e+00
1.098784364759922028e+00
1.098709728568792343e+00
1.098886523395776749e+00
1.098744116723537445e+00
1.098760630935430527e+00
1.098693788051605225e+00
1.098760344088077545e+00
1.098775014281272888e+00
1.098729748278856277e+00
1.098841387778520584e+00
1.098658297210931778e+00
1.098715595901012421e+00
1.098781798034906387e+00
1.098707087337970734e+00
1.098757676780223846e+00
1.098761118948459625e+00
1.098786529153585434e+00
1.098700024187564850e+00
1.098749566823244095e+00
1.098747670650482178e+00
1.098799522966146469e+00
1.098762180656194687e+00
1.098728470504283905e+00
1.098775468766689301e+00
1.098835125565528870e+00
1.098945047706365585e+00
1.098798487335443497e+00
1.098709605634212494e+00
1.098726619035005569e+00
1.098764214664697647e+00
1.098731644451618195e+00
