3.285000026226043701e-01
3.331249952316284180e-01
3.423750102519989014e-01
3.359999954700469971e-01
3.392499983310699463e-01
3.566249907016754150e-01
3.403750061988830566e-01
3.531250059604644775e-01
3.627499938011169434e-01
3.560000061988830566e-01
3.698750138282775879e-01
3.703750073909759521e-01
3.847500085830688477e-01
3.759999871253967285e-01
3.927499949932098389e-01
3.992500007152557373e-01
4.065000116825103760e-01
4.196250140666961670e-01
4.407500028610229492e-01
4.760000109672546387e-01
4.729999899864196777e-01
5.053750276565551758e-01
5.431249737739562988e-01
5.436249971389770508e-01
5.606250166893005371e-01
5.494999885559082031e-01
5.742499828338623047e-01
5.886250138282775879e-01
5.783749818801879883e-01
5.938749909400939941e-01
5.986250042915344238e-01
6.008750200271606445e-01
6.110000014305114746e-01
6.075000166893005371e-01
6.206250190734863281e-01
6.378750205039978027e-01
6.288750171661376953e-01
6.378750205039978027e-01
6.343749761581420898e-01
6.438750028610229492e-01
6.464999914169311523e-01
6.511250138282775879e-01
6.485000252723693848e-01
6.437500119209289551e-01
6.573749780654907227e-01
6.458749771118164062e-01
6.614999771118164062e-01
6.602500081062316895e-01
6.582499742507934570e-01
6.646249890327453613e-01
6.663749814033508301e-01
6.641250252723693848e-01
6.748750209808349609e-01
6.710000038146972656e-01
6.784999966621398926e-01
6.744999885559082031e-01
6.809999942779541016e-01
6.825000047683715820e-01
6.873750090599060059e-01
6.905000209808349609e-01
6.892499923706054688e-01
6.946250200271606445e-01
6.915000081062316895e-01
6.930000185966491699e-01
6.961249709129333496e-01
6.980000138282775879e-01
7.031250000000000000e-01
7.047500014305114746e-01
7.046250104904174805e-01
7.116249799728393555e-01
7.126250267028808594e-01
7.092499732971191406e-01
7.149999737739562988e-01
7.157499790191650391e-01
7.129999995231628418e-01
7.179999947547912598e-01
7.233750224113464355e-01
7.163749933242797852e-01
7.181249856948852539e-01
7.275000214576721191e-01
7.271249890327453613e-01
7.220000028610229492e-01
7.264999747276306152e-01
7.263749837875366211e-01
7.260000109672546387e-01
7.322499752044677734e-01
7.335000038146972656e-01
7.322499752044677734e-01
7.322499752044677734e-01
7.289999723434448242e-01
7.312499880790710449e-01
7.346249818801879883e-01
7.264999747276306152e-01
7.365000247955322266e-01
7.315000295639038086e-01
7.388749718666076660e-01
7.378749847412109375e-01
7.398750185966491699e-01
7.357500195503234863e-01
7.378749847412109375e-01
7.434999942779541016e-01
7.469999790191650391e-01
7.434999942779541016e-01
7.492499947547912598e-01
7.500000000000000000e-01
7.519999742507934570e-01
7.536249756813049316e-01
7.566249966621398926e-01
7.662500143051147461e-01
7.643749713897705078e-01
7.697499990463256836e-01
7.641249895095825195e-01
7.736250162124633789e-01
7.670000195503234863e-01
7.727500200271606445e-01
7.721250057220458984e-01
7.736250162124633789e-01
7.787500023841857910e-01
7.795000076293945312e-01
7.722499966621398926e-01
7.814999818801879883e-01
7.823749780654907227e-01
7.866250276565551758e-01
7.879999876022338867e-01
7.894999980926513672e-01
7.866250276565551758e-01
7.863749861717224121e-01
7.932500243186950684e-01
7.898749709129333496e-01
7.944999933242797852e-01
7.944999933242797852e-01
7.948750257492065430e-01
7.947499752044677734e-01
7.990000247955322266e-01
8.042500019073486328e-01
8.021249771118164062e-01
7.976250052452087402e-01
7.969999909400939941e-01
8.031250238418579102e-01
8.001250028610229492e-01
7.978749871253967285e-01
8.081250190734863281e-01
8.052499890327453613e-01
8.032500147819519043e-01
8.081250190734863281e-01
8.041250109672546387e-01
8.084999918937683105e-01
8.109999895095825195e-01
8.050000071525573730e-01
8.096250295639038086e-01
8.115000128746032715e-01
8.041250109672546387e-01
8.090000152587890625e-01
8.019999861717224121e-01
8.068749904632568359e-01
8.127499818801879883e-01
8.107500076293945312e-01
8.097500205039978027e-01
8.025000095367431641e-01
8.141250014305114746e-01
8.142499923706054688e-01
8.137500286102294922e-01
8.125000000000000000e-01
8.158749938011169434e-01
8.191249966621398926e-01
8.215000033378601074e-01
8.158749938011169434e-01
8.084999918937683105e-01
8.122500181198120117e-01
8.115000128746032715e-01
8.165000081062316895e-01
8.169999718666076660e-01
8.130000233650207520e-01
8.178750276565551758e-01
8.142499923706054688e-01
8.166249990463256836e-01
8.106250166893005371e-01
8.090000152587890625e-01
8.141250014305114746e-01
8.141250014305114746e-01
8.227499723434448242e-01
8.201249837875366211e-01
8.148750066757202148e-01
8.267499804496765137e-01
8.162500262260437012e-01
8.177499771118164062e-01
8.167499899864196777e-01
8.213750123977661133e-01
8.144999742507934570e-01
8.181250095367431641e-01
8.169999718666076660e-01
8.166249990463256836e-01
8.193749785423278809e-01
8.111249804496765137e-01
8.188750147819519043e-01
8.208749890327453613e-01
8.231250047683715820e-01
8.248749971389770508e-01
8.224999904632568359e-01
8.197500109672546387e-01
