1.098728522658348083e+00
1.098799664527177811e+00
1.098888069391250610e+00
1.098687861114740372e+00
1.098706178367137909e+00
1.098900400102138519e+00
1.098841477185487747e+00
1.098839621990919113e+00
1.098904967308044434e+00
1.098884236067533493e+00
1.098839789628982544e+00
1.098766580224037170e+00
1.098748445510864258e+00
1.098968308418989182e+00
1.098876070231199265e+00
1.098968289792537689e+00
1.098815105855464935e+00
1.098724585026502609e+00
1.098757218569517136e+00
1.098780956119298935e+00
1.098782945424318314e+00
1.098789840936660767e+00
1.098793417215347290e+00
1.098711371421813965e+00
1.098815623670816422e+00
1.098830796778202057e+00
1.098739545792341232e+00
1.098709691315889359e+00
1.098737373948097229e+00
1.098709557205438614e+00
1.098796930164098740e+00
1.098783798515796661e+00
1.098790626972913742e+00
1.098764963448047638e+00
1.098819047212600708e+00
1.098782811313867569e+00
1.098887030035257339e+00
1.098742563277482986e+00
1.098766032606363297e+00
1.098892927169799805e+00
1.098744940012693405e+00
1.098708517849445343e+00
1.098749700933694839e+00
1.098742019385099411e+00
1.098829731345176697e+00
1.098741825670003891e+00
1.098763011395931244e+00
1.098692961037158966e+00
1.098726168274879456e+00
1.098795667290687561e+00
1.098848514258861542e+00
1.098750203847885132e+00
1.098683565855026245e+00
1.098746657371520996e+00
1.098733048886060715e+00
1.098744552582502365e+00
1.098711863160133362e+00
1.098793517798185349e+00
1.098773386329412460e+00
1.098715327680110931e+00
1.098707605153322220e+00
1.098741594702005386e+00
1.098790746182203293e+00
1.098838679492473602e+00
1.098846636712551117e+00
1.098698735237121582e+00
1.098769690841436386e+00
1.098865613341331482e+00
1.098706852644681931e+00
1.098721463233232498e+00
1.098711784929037094e+00
1.098790477961301804e+00
1.098815228790044785e+00
1.098745632916688919e+00
1.098703987896442413e+00
1.098713267594575882e+00
1.098823584616184235e+00
1.098778836429119110e+00
1.098747737705707550e+00
1.098732512444257736e+00
1.098707787692546844e+00
1.098694458603858948e+00
1.098781924694776535e+00
1.098856344819068909e+00
1.098794791847467422e+00
1.098718196153640747e+00
1.098755244165658951e+00
1.098730877041816711e+00
1.098725013434886932e+00
1.098778031766414642e+00
1.098798837512731552e+00
1.098763275891542435e+00
1.098666917532682419e+00
1.098702650517225266e+00
1.098728001117706299e+00
1.098767761141061783e+00
1.098809365183115005e+00
1.098805170506238937e+00
1.098711516708135605e+00
1.098789039999246597e+00
1.098836086690425873e+00
1.098790731281042099e+00
1.098732408136129379e+00
1.098659425973892212e+00
1.098766356706619263e+00
1.098879098892211914e+00
1.098754793405532837e+00
1.098738223314285278e+00
1.098805110901594162e+00
1.098729312419891357e+00
1.098790537565946579e+00
1.098708588629961014e+00
1.098732933402061462e+00
1.099060110747814178e+00
1.098724801093339920e+00
1.098768979310989380e+00
1.098753716796636581e+00
1.098722245544195175e+00
1.098710451275110245e+00
1.098816584795713425e+00
1.098687190562486649e+00
1.098747704178094864e+00
1.098780825734138489e+00
1.098743714392185211e+00
1.098757304251194000e+00
1.098829384893178940e+00
1.098749358206987381e+00
1.098777305334806442e+00
1.098727963864803314e+00
1.098716065287590027e+00
1.098683960735797882e+00
1.098776657134294510e+00
1.098730165511369705e+00
1.098971195518970490e+00
1.098825663328170776e+00
1.098824143409729004e+00
1.098835524171590805e+00
1.098678391426801682e+00
1.098740864545106888e+00
1.098737470805644989e+00
1.098727788776159286e+00
1.098681103438138962e+00
1.098699841648340225e+00
1.098749216645956039e+00
1.098754707723855972e+00
1.098736669868230820e+00
1.098779551684856415e+00
1.098794221878051758e+00
1.098729819059371948e+00
1.098770588636398315e+00
1.098723057657480240e+00
1.098847970366477966e+00
1.098761815577745438e+00
1.098785948008298874e+00
1.098722264170646667e+00
1.098763100802898407e+00
1.098712932318449020e+00
1.098799116909503937e+00
1.098733171820640564e+00
1.098811149597167969e+00
1.098709858953952789e+00
1.098767098039388657e+00
1.098698478192090988e+00
1.098791446536779404e+00
1.098740756511688232e+00
1.098730843514204025e+00
1.098780561238527298e+00
1.098749388009309769e+00
1.098760396242141724e+00
1.098682437092065811e+00
1.098740495741367340e+00
1.098775271326303482e+00
1.098787814378738403e+00
1.098710127174854279e+00
1.098815001547336578e+00
1.098902657628059387e+00
1.098773755133152008e+00
1.098739065229892731e+00
1.098745662719011307e+00
1.098765607923269272e+00
1.098681282252073288e+00
1.098736669868230820e+00
1.098892718553543091e+00
1.098731309175491333e+00
1.098891854286193848e+00
1.098731022328138351e+00
1.098756834864616394e+00
1.098771587014198303e+00
1.098766051232814789e+00
1.098684392869472504e+00
1.098750811070203781e+00
1.098783306777477264e+00
1.098866432905197144e+00
1.098693881183862686e+00
1.098700918257236481e+00
1.098843384534120560e+00
1.098717432469129562e+00
1.098709609359502792e+00
1.098710384219884872e+00
1.098764177411794662e+00
