1.098754018545150757e+00
1.098716165870428085e+00
1.098833106458187103e+00
1.098782204091548920e+00
1.098768547177314758e+00
1.098754562437534332e+00
1.098735988140106201e+00
1.098743852227926254e+00
1.098753742873668671e+00
1.098709285259246826e+00
1.098747558891773224e+00
1.098947856575250626e+00
1.098693434149026871e+00
1.098832871764898300e+00
1.098752561956644058e+00
1.098755192011594772e+00
1.098913360387086868e+00
1.098782353103160858e+00
1.098768230527639389e+00
1.098775267601013184e+00
1.098848197609186172e+00
1.098779570311307907e+00
1.098743416368961334e+00
1.098739676177501678e+00
1.098770055919885635e+00
1.098809119313955307e+00
1.098745796829462051e+00
1.098798580467700958e+00
1.098899491131305695e+00
1.098693311214447021e+00
1.098767373710870743e+00
1.098725173622369766e+00
1.098766006529331207e+00
1.098704319447278976e+00
1.098798766732215881e+00
1.098958123475313187e+00
1.098732218146324158e+00
1.098896682262420654e+00
1.098756473511457443e+00
1.098694022744894028e+00
1.098735362291336060e+00
1.098762813955545425e+00
1.098738715052604675e+00
1.098728362470865250e+00
1.098872382193803787e+00
1.098728444427251816e+00
1.098702117800712585e+00
1.098863992840051651e+00
1.098961740732192993e+00
1.098713334649801254e+00
1.098665334284305573e+00
1.098888479173183441e+00
1.098648767918348312e+00
1.098729301244020462e+00
1.098738722503185272e+00
1.098687410354614258e+00
1.098718464374542236e+00
1.098836462944746017e+00
1.098756425082683563e+00
1.098727568984031677e+00
1.098654832690954208e+00
1.098735593259334564e+00
1.098754450678825378e+00
1.098766781389713287e+00
1.098737012594938278e+00
1.098682437092065811e+00
1.098650366067886353e+00
1.098699104040861130e+00
1.098747659474611282e+00
1.098707482218742371e+00
1.098716113716363907e+00
1.098698396235704422e+00
1.098849967122077942e+00
1.098724585026502609e+00
1.098690528422594070e+00
1.098598975688219070e+00
1.098669506609439850e+00
1.098805733025074005e+00
1.098702859133481979e+00
1.098740924149751663e+00
1.098804630339145660e+00
1.098690137267112732e+00
1.098761402070522308e+00
1.098639871925115585e+00
1.098764285445213318e+00
1.098677441477775574e+00
1.098723154515028000e+00
1.098740883171558380e+00
1.098674409091472626e+00
1.098611477762460709e+00
1.098756823688745499e+00
1.098677650094032288e+00
1.098636388778686523e+00
1.098644759505987167e+00
1.098656896501779556e+00
1.098661795258522034e+00
1.098745651543140411e+00
1.098574955016374588e+00
1.098643671721220016e+00
1.098671335726976395e+00
1.098601575940847397e+00
1.098552249372005463e+00
1.098567079752683640e+00
1.098688650876283646e+00
1.098610565066337585e+00
1.098668634891510010e+00
1.098487552255392075e+00
1.098546437919139862e+00
1.098601777106523514e+00
1.098570361733436584e+00
1.098466508090496063e+00
1.098529148846864700e+00
1.098560184240341187e+00
1.098429899662733078e+00
1.098442301154136658e+00
1.098476737737655640e+00
1.098603781312704086e+00
1.098532076925039291e+00
1.098483044654130936e+00
1.098205044865608215e+00
1.098420657217502594e+00
1.098320726305246353e+00
1.098411768674850464e+00
1.098279163241386414e+00
1.098347038030624390e+00
1.098322767764329910e+00
1.098269168287515640e+00
1.098212093114852905e+00
1.098045337945222855e+00
1.098129749298095703e+00
1.097963310778141022e+00
1.097820710390806198e+00
1.098089445382356644e+00
1.098154813051223755e+00
1.097818974405527115e+00
1.097831021994352341e+00
1.097670786082744598e+00
1.097412399947643280e+00
1.097634945064783096e+00
1.097385130822658539e+00
1.097521062940359116e+00
1.097553174942731857e+00
1.097425498068332672e+00
1.097455240786075592e+00
1.097089048475027084e+00
1.097217448055744171e+00
1.097574081271886826e+00
1.097213596105575562e+00
1.097188342362642288e+00
1.097868319600820541e+00
1.097638197243213654e+00
1.097200740128755569e+00
1.096836980432271957e+00
1.097158204764127731e+00
1.097275570034980774e+00
1.097634948790073395e+00
1.096488069742918015e+00
1.096956059336662292e+00
1.096987698227167130e+00
1.096694808453321457e+00
1.096954490989446640e+00
1.096806973218917847e+00
1.097180876880884171e+00
1.096308261156082153e+00
1.097726348787546158e+00
1.096965201199054718e+00
1.096432261168956757e+00
1.096422906965017319e+00
1.096070945262908936e+00
1.096796255558729172e+00
1.096485011279582977e+00
1.096511434763669968e+00
1.096583396196365356e+00
1.096234869211912155e+00
1.095864225178956985e+00
1.095768928527832031e+00
1.096571203321218491e+00
1.095507342368364334e+00
1.095886208117008209e+00
1.096347332000732422e+00
1.096142042428255081e+00
1.096062246710062027e+00
1.095844455063343048e+00
1.096008341759443283e+00
1.095910549163818359e+00
1.095658268779516220e+00
1.094921745359897614e+00
1.096725132316350937e+00
1.096247732639312744e+00
1.095332708209753036e+00
1.095659188926219940e+00
1.095232073217630386e+00
1.095378085970878601e+00
1.095660209655761719e+00
1.095058940351009369e+00
1.094472326338291168e+00
1.095433961600065231e+00
1.095537483692169189e+00
1.094791933894157410e+00
1.094903115183115005e+00
