3.281250000000000000e-01
3.328750133514404297e-01
3.336249887943267822e-01
3.262499868869781494e-01
3.166249990463256836e-01
3.317500054836273193e-01
3.307499885559082031e-01
3.280000090599060059e-01
3.287500143051147461e-01
3.226250112056732178e-01
3.242500126361846924e-01
3.336249887943267822e-01
3.318749964237213135e-01
3.188750147819519043e-01
3.307499885559082031e-01
3.330000042915344238e-01
3.297500014305114746e-01
3.333750069141387939e-01
3.346250057220458984e-01
3.268750011920928955e-01
3.193750083446502686e-01
3.317500054836273193e-01
3.302499949932098389e-01
3.323749899864196777e-01
3.256250023841857910e-01
3.212499916553497314e-01
3.332499861717224121e-01
3.376249969005584717e-01
3.334999978542327881e-01
3.317500054836273193e-01
3.261249959468841553e-01
3.280000090599060059e-01
3.341250121593475342e-01
3.326250016689300537e-01
3.352499902248382568e-01
3.316250145435333252e-01
3.307499885559082031e-01
3.255000114440917969e-01
3.283750116825103760e-01
3.253749907016754150e-01
3.288750052452087402e-01
3.326250016689300537e-01
3.341250121593475342e-01
3.217499852180480957e-01
3.357500135898590088e-01
3.298749923706054688e-01
3.302499949932098389e-01
3.283750116825103760e-01
3.294999897480010986e-01
3.258750140666961670e-01
3.281250000000000000e-01
3.264999985694885254e-01
3.323749899864196777e-01
3.346250057220458984e-01
3.302499949932098389e-01
3.332499861717224121e-01
3.300000131130218506e-01
3.363749980926513672e-01
3.351249992847442627e-01
3.343749940395355225e-01
3.274999856948852539e-01
3.269999921321868896e-01
3.308750092983245850e-01
3.301250040531158447e-01
3.373749852180480957e-01
3.291249871253967285e-01
3.242500126361846924e-01
3.371250033378601074e-01
3.322499990463256836e-01
3.398750126361846924e-01
3.459999859333038330e-01
3.479999899864196777e-01
3.447499871253967285e-01
3.420000076293945312e-01
3.516249954700469971e-01
3.562499880790710449e-01
3.526250123977661133e-01
3.592500090599060059e-01
3.602499961853027344e-01
3.608750104904174805e-01
3.608750104904174805e-01
3.558749854564666748e-01
3.642500042915344238e-01
3.656249940395355225e-01
3.727500140666961670e-01
3.706249892711639404e-01
3.733749985694885254e-01
3.833749890327453613e-01
3.970000147819519043e-01
4.001249969005584717e-01
4.111250042915344238e-01
4.289999902248382568e-01
4.337500035762786865e-01
4.403750002384185791e-01
4.422500133514404297e-01
4.474999904632568359e-01
4.547500014305114746e-01
4.523749947547912598e-01
4.544999897480010986e-01
4.641250073909759521e-01
4.671249985694885254e-01
4.650000035762786865e-01
4.743750095367431641e-01
4.762499928474426270e-01
4.760000109672546387e-01
4.810000061988830566e-01
4.817500114440917969e-01
4.897499978542327881e-01
4.818750023841857910e-01
4.883750081062316895e-01
5.007500052452087402e-01
4.900000095367431641e-01
4.952499866485595703e-01
4.984999895095825195e-01
5.048750042915344238e-01
4.950000047683715820e-01
5.012500286102294922e-01
5.072500109672546387e-01
4.981249868869781494e-01
5.021250247955322266e-01
5.053750276565551758e-01
5.123749971389770508e-01
5.078750252723693848e-01
5.109999775886535645e-01
5.158749818801879883e-01
5.161250233650207520e-01
5.163750052452087402e-01
5.097500085830688477e-01
5.112500190734863281e-01
5.184999704360961914e-01
5.173749923706054688e-01
5.138750076293945312e-01
5.207499861717224121e-01
5.248749852180480957e-01
5.181249976158142090e-01
5.252500176429748535e-01
5.257499814033508301e-01
5.242499709129333496e-01
5.227500200271606445e-01
5.331249833106994629e-01
5.230000019073486328e-01
5.286250114440917969e-01
5.311250090599060059e-01
5.347499847412109375e-01
5.331249833106994629e-01
5.331249833106994629e-01
5.341249704360961914e-01
5.339999794960021973e-01
5.427500009536743164e-01
5.397499799728393555e-01
5.392500162124633789e-01
5.323749780654907227e-01
5.404999852180480957e-01
5.391250252723693848e-01
5.403749942779541016e-01
5.418750047683715820e-01
5.425000190734863281e-01
5.398749709129333496e-01
5.471249818801879883e-01
5.429999828338623047e-01
5.410000085830688477e-01
5.471249818801879883e-01
5.523750185966491699e-01
5.498750209808349609e-01
5.500000119209289551e-01
5.471249818801879883e-01
5.475000143051147461e-01
5.538750290870666504e-01
5.541250109672546387e-01
5.532500147819519043e-01
5.517500042915344238e-01
5.553749799728393555e-01
5.506250262260437012e-01
5.542500019073486328e-01
5.588750243186950684e-01
5.583750009536743164e-01
5.547500252723693848e-01
5.536249876022338867e-01
5.600000023841857910e-01
5.623750090599060059e-01
5.637500286102294922e-01
5.625000000000000000e-01
5.622500181198120117e-01
5.608749985694885254e-01
5.699999928474426270e-01
5.647500157356262207e-01
5.768749713897705078e-01
5.649999976158142090e-01
5.755000114440917969e-01
5.683749914169311523e-01
5.755000114440917969e-01
5.817499756813049316e-01
5.808749794960021973e-01
5.832499861717224121e-01
5.838750004768371582e-01
5.882499814033508301e-01
5.901250243186950684e-01
5.943750143051147461e-01
5.986250042915344238e-01
5.982499718666076660e-01
