3.285000026226043701e-01
3.314999938011169434e-01
3.322499990463256836e-01
3.307499885559082031e-01
3.319999873638153076e-01
3.297500014305114746e-01
3.288750052452087402e-01
3.292500078678131104e-01
3.236249983310699463e-01
3.353750109672546387e-01
3.266249895095825195e-01
3.198750019073486328e-01
3.282499909400939941e-01
3.258750140666961670e-01
3.301250040531158447e-01
3.291249871253967285e-01
3.336249887943267822e-01
3.256250023841857910e-01
3.303749859333038330e-01
3.337500095367431641e-01
3.379999995231628418e-01
3.351249992847442627e-01
3.338750004768371582e-01
3.336249887943267822e-01
3.366250097751617432e-01
3.319999873638153076e-01
3.328750133514404297e-01
3.407500088214874268e-01
3.396250009536743164e-01
3.438749909400939941e-01
3.528749942779541016e-01
3.573749959468841553e-01
3.434999883174896240e-01
3.472500145435333252e-01
3.474999964237213135e-01
3.453750014305114746e-01
3.461250066757202148e-01
3.566249907016754150e-01
3.549999892711639404e-01
3.566249907016754150e-01
3.548749983310699463e-01
3.581250011920928955e-01
3.652499914169311523e-01
3.630000054836273193e-01
3.717499971389770508e-01
3.684999942779541016e-01
3.667500019073486328e-01
3.683750033378601074e-01
3.671250045299530029e-01
3.646250069141387939e-01
3.743749856948852539e-01
3.697499930858612061e-01
3.737500011920928955e-01
3.734999895095825195e-01
3.731249868869781494e-01
3.663749992847442627e-01
3.799999952316284180e-01
3.823750019073486328e-01
3.793750107288360596e-01
3.787499964237213135e-01
3.887499868869781494e-01
3.798750042915344238e-01
3.937500119209289551e-01
3.863750100135803223e-01
3.955000042915344238e-01
3.966250121593475342e-01
3.916249871253967285e-01
4.011250138282775879e-01
4.000000059604644775e-01
4.013749957084655762e-01
4.082500040531158447e-01
4.006249904632568359e-01
4.177500009536743164e-01
4.110000133514404297e-01
4.135000109672546387e-01
4.221250116825103760e-01
4.487499892711639404e-01
3.521249890327453613e-01
3.246249854564666748e-01
3.288750052452087402e-01
3.314999938011169434e-01
3.352499902248382568e-01
3.359999954700469971e-01
3.330000042915344238e-01
3.240000009536743164e-01
3.311249911785125732e-01
3.375000059604644775e-01
3.260000050067901611e-01
3.429999947547912598e-01
3.291249871253967285e-01
3.347499966621398926e-01
3.378750085830688477e-01
3.342500030994415283e-01
3.555000126361846924e-01
3.339999914169311523e-01
3.425000011920928955e-01
3.417499959468841553e-01
3.600000143051147461e-01
3.561249971389770508e-01
3.456250131130218506e-01
3.542500138282775879e-01
3.572500050067901611e-01
3.547500073909759521e-01
3.743749856948852539e-01
3.781250119209289551e-01
3.793750107288360596e-01
3.731249868869781494e-01
3.806250095367431641e-01
3.866249918937683105e-01
3.923749923706054688e-01
4.050000011920928955e-01
3.944999873638153076e-01
3.987500071525573730e-01
4.117499887943267822e-01
4.226250052452087402e-01
4.337500035762786865e-01
4.461250007152557373e-01
4.474999904632568359e-01
4.722500145435333252e-01
4.658749997615814209e-01
4.900000095367431641e-01
4.847500026226043701e-01
4.903750121593475342e-01
4.970000088214874268e-01
4.947499930858612061e-01
5.121250152587890625e-01
5.193750262260437012e-01
5.203750133514404297e-01
5.088750123977661133e-01
5.226250290870666504e-01
5.141249895095825195e-01
5.201249718666076660e-01
5.214999914169311523e-01
5.203750133514404297e-01
5.241249799728393555e-01
5.274999737739562988e-01
5.372499823570251465e-01
5.352500081062316895e-01
5.272499918937683105e-01
5.429999828338623047e-01
5.278750061988830566e-01
5.567499995231628418e-01
5.414999723434448242e-01
5.338749885559082031e-01
5.575000047683715820e-01
5.485000014305114746e-01
5.408750176429748535e-01
5.631250143051147461e-01
5.547500252723693848e-01
5.567499995231628418e-01
5.631250143051147461e-01
5.581250190734863281e-01
5.630000233650207520e-01
5.641250014305114746e-01
5.677499771118164062e-01
5.723749995231628418e-01
5.718749761581420898e-01
5.878750085830688477e-01
5.842499732971191406e-01
5.860000252723693848e-01
5.987499952316284180e-01
5.986250042915344238e-01
6.078749895095825195e-01
6.137499809265136719e-01
6.158750057220458984e-01
6.251249909400939941e-01
6.309999823570251465e-01
6.342499852180480957e-01
6.447499990463256836e-01
6.437500119209289551e-01
6.448749899864196777e-01
6.493750214576721191e-01
6.560000181198120117e-01
6.591249704360961914e-01
6.675000190734863281e-01
6.675000190734863281e-01
6.667500138282775879e-01
6.778749823570251465e-01
6.777499914169311523e-01
6.737499833106994629e-01
6.869999766349792480e-01
6.758750081062316895e-01
6.784999966621398926e-01
6.759999990463256836e-01
6.832500100135803223e-01
6.866250038146972656e-01
6.898750066757202148e-01
6.918749809265136719e-01
6.962500214576721191e-01
6.980000138282775879e-01
6.941249966621398926e-01
7.001249790191650391e-01
7.033749818801879883e-01
7.022500038146972656e-01
6.972500085830688477e-01
7.039999961853027344e-01
7.068750262260437012e-01
7.039999961853027344e-01
7.063750028610229492e-01
7.145000100135803223e-01
