3.283750116825103760e-01
3.277499973773956299e-01
3.233749866485595703e-01
3.281250000000000000e-01
3.302499949932098389e-01
3.373749852180480957e-01
3.243750035762786865e-01
3.271250128746032715e-01
3.308750092983245850e-01
3.333750069141387939e-01
3.338750004768371582e-01
3.348749876022338867e-01
3.263750076293945312e-01
3.278749883174896240e-01
3.305000066757202148e-01
3.269999921321868896e-01
3.311249911785125732e-01
3.332499861717224121e-01
3.323749899864196777e-01
3.337500095367431641e-01
3.319999873638153076e-01
3.366250097751617432e-01
3.339999914169311523e-01
3.352499902248382568e-01
3.204999864101409912e-01
3.421249985694885254e-01
3.443750143051147461e-01
3.392499983310699463e-01
3.459999859333038330e-01
3.411250114440917969e-01
3.463749885559082031e-01
3.429999947547912598e-01
3.459999859333038330e-01
3.373749852180480957e-01
3.603749871253967285e-01
3.445000052452087402e-01
3.535000085830688477e-01
3.492499887943267822e-01
3.560000061988830566e-01
3.666250109672546387e-01
3.472500145435333252e-01
3.524999916553497314e-01
3.569999933242797852e-01
3.670000135898590088e-01
3.547500073909759521e-01
3.634999990463256836e-01
3.675000071525573730e-01
3.671250045299530029e-01
3.667500019073486328e-01
3.737500011920928955e-01
3.770000040531158447e-01
3.792499899864196777e-01
3.806250095367431641e-01
3.796249926090240479e-01
3.821249902248382568e-01
3.833749890327453613e-01
3.937500119209289551e-01
4.026249945163726807e-01
3.986249864101409912e-01
4.052500128746032715e-01
4.227499961853027344e-01
4.322499930858612061e-01
4.528749883174896240e-01
4.654999971389770508e-01
4.557499885559082031e-01
4.562500119209289551e-01
4.712499976158142090e-01
4.681249856948852539e-01
4.858750104904174805e-01
4.922499954700469971e-01
5.087500214576721191e-01
5.223749876022338867e-01
5.567499995231628418e-01
5.511249899864196777e-01
5.584999918937683105e-01
5.640000104904174805e-01
5.734999775886535645e-01
5.708749890327453613e-01
5.616250038146972656e-01
5.657500028610229492e-01
5.773749947547912598e-01
5.703750252723693848e-01
5.799999833106994629e-01
5.846250057220458984e-01
5.952500104904174805e-01
5.870000123977661133e-01
5.903750061988830566e-01
6.004999876022338867e-01
5.883749723434448242e-01
5.912500023841857910e-01
5.987499952316284180e-01
6.069999933242797852e-01
6.123750209808349609e-01
6.218749880790710449e-01
6.088749766349792480e-01
6.276249885559082031e-01
6.228749752044677734e-01
6.273750066757202148e-01
6.401249766349792480e-01
6.324999928474426270e-01
6.378750205039978027e-01
6.460000276565551758e-01
6.485000252723693848e-01
6.548749804496765137e-01
6.597499847412109375e-01
6.642500162124633789e-01
6.779999732971191406e-01
6.931250095367431641e-01
6.959999799728393555e-01
6.981250047683715820e-01
7.001249790191650391e-01
6.992499828338623047e-01
6.934999823570251465e-01
7.011250257492065430e-01
7.096250057220458984e-01
7.105000019073486328e-01
7.124999761581420898e-01
7.189999818801879883e-01
7.129999995231628418e-01
7.038750052452087402e-01
7.204999923706054688e-01
7.201250195503234863e-01
7.173749804496765137e-01
7.212499976158142090e-01
7.246249914169311523e-01
7.122499942779541016e-01
7.232499718666076660e-01
7.212499976158142090e-01
7.241250276565551758e-01
7.287499904632568359e-01
7.397500276565551758e-01
7.455000281333923340e-01
7.521250247955322266e-01
7.551249861717224121e-01
7.597500085830688477e-01
7.597500085830688477e-01
7.623749971389770508e-01
7.597500085830688477e-01
7.555000185966491699e-01
7.658749818801879883e-01
7.648749947547912598e-01
7.561249732971191406e-01
7.590000033378601074e-01
7.643749713897705078e-01
7.634999752044677734e-01
7.620000243186950684e-01
7.652500271797180176e-01
7.628750205039978027e-01
7.651249766349792480e-01
7.642499804496765137e-01
7.582499980926513672e-01
7.668750286102294922e-01
7.659999728202819824e-01
7.598749995231628418e-01
7.670000195503234863e-01
7.691249847412109375e-01
7.678750157356262207e-01
7.680000066757202148e-01
7.687500119209289551e-01
7.626249790191650391e-01
7.737500071525573730e-01
7.693750262260437012e-01
7.731249928474426270e-01
7.702500224113464355e-01
7.672500014305114746e-01
7.659999728202819824e-01
7.737500071525573730e-01
7.716249823570251465e-01
7.698749899864196777e-01
7.698749899864196777e-01
7.728750109672546387e-01
7.720000147819519043e-01
7.712500095367431641e-01
7.693750262260437012e-01
7.760000228881835938e-01
7.749999761581420898e-01
7.743750214576721191e-01
7.768750190734863281e-01
7.758749723434448242e-01
7.756249904632568359e-01
7.754999995231628418e-01
7.746250033378601074e-01
7.720000147819519043e-01
7.764999866485595703e-01
7.732499837875366211e-01
7.752500176429748535e-01
7.749999761581420898e-01
7.791249752044677734e-01
7.764999866485595703e-01
7.786250114440917969e-01
7.801250219345092773e-01
7.763749957084655762e-01
7.807499766349792480e-01
7.787500023841857910e-01
7.785000205039978027e-01
7.788749933242797852e-01
7.771250009536743164e-01
7.804999947547912598e-01
7.798749804496765137e-01
7.748749852180480957e-01
