1.098732966929674149e+00
1.098783340305089951e+00
1.098710425198078156e+00
1.098768495023250580e+00
1.098702911287546158e+00
1.098780132830142975e+00
1.098814763128757477e+00
1.098769061267375946e+00
1.098744999617338181e+00
1.098748639225959778e+00
1.098794929683208466e+00
1.098710335791110992e+00
1.098709139972925186e+00
1.098745867609977722e+00
1.098698109388351440e+00
1.098679892718791962e+00
1.098692357540130615e+00
1.098720561712980270e+00
1.098665133118629456e+00
1.098715167492628098e+00
1.098688129335641861e+00
1.098836898803710938e+00
1.098673455417156219e+00
1.098638433963060379e+00
1.098527774214744568e+00
1.098813194781541824e+00
1.098616935312747955e+00
1.098478041589260101e+00
1.098387610167264938e+00
1.098385263234376907e+00
1.098079510033130646e+00
1.097905080765485764e+00
1.097768526524305344e+00
1.098444230854511261e+00
1.097730856388807297e+00
1.097952153533697128e+00
1.097665317356586456e+00
1.096946619451045990e+00
1.096754733473062515e+00
1.096651807427406311e+00
1.096371930092573166e+00
1.096065606921911240e+00
1.095808457583189011e+00
1.095494758337736130e+00
1.094621326774358749e+00
1.093322303146123886e+00
1.093864053487777710e+00
1.094096809625625610e+00
1.093949269503355026e+00
1.093076016753911972e+00
1.092630121856927872e+00
1.092091158032417297e+00
1.090897768735885620e+00
1.091731246560811996e+00
1.091737847775220871e+00
1.092046085745096207e+00
1.090203277766704559e+00
1.089211694896221161e+00
1.090462286025285721e+00
1.089523047208786011e+00
1.088647704571485519e+00
1.088290181010961533e+00
1.085069704800844193e+00
1.085848711431026459e+00
1.085020124912261963e+00
1.084232680499553680e+00
1.084330916404724121e+00
1.080933749675750732e+00
1.082216944545507431e+00
1.077466733753681183e+00
1.076530013233423233e+00
1.076465278863906860e+00
1.071417834609746933e+00
1.072020955383777618e+00
1.071662716567516327e+00
1.067805696278810501e+00
1.052586726844310760e+00
1.113256391137838364e+00
1.099581513553857803e+00
1.098724555224180222e+00
1.098827522248029709e+00
1.098797243088483810e+00
1.098677434027194977e+00
1.098884437233209610e+00
1.098785597831010818e+00
1.098615925759077072e+00
1.098590914160013199e+00
1.098689779639244080e+00
1.098584055900573730e+00
1.098573397845029831e+00
1.098521534353494644e+00
1.098644528537988663e+00
1.098508536815643311e+00
1.098461095243692398e+00
1.098310213536024094e+00
1.098320167511701584e+00
1.098267983645200729e+00
1.098048739135265350e+00
1.097915779799222946e+00
1.098088596016168594e+00
1.097738280892372131e+00
1.097591321915388107e+00
1.097305245697498322e+00
1.096757240593433380e+00
1.096699289977550507e+00
1.095792610198259354e+00
1.095458190888166428e+00
1.094306215643882751e+00
1.093669645488262177e+00
1.091986056417226791e+00
1.088918924331665039e+00
1.087424147874116898e+00
1.083386790007352829e+00
1.075332790613174438e+00
1.065936494618654251e+00
1.057027440518140793e+00
1.046902287751436234e+00
1.046766782179474831e+00
1.029381312429904938e+00
1.032646445557475090e+00
1.017870103940367699e+00
1.018046738579869270e+00
1.017092067748308182e+00
1.011156883090734482e+00
1.011900104582309723e+00
1.003961501643061638e+00
9.967876970767974854e-01
9.878504741936922073e-01
9.882302600890398026e-01
9.756286200135946274e-01
9.869673419743776321e-01
9.794587194919586182e-01
9.768339619040489197e-01
9.864596445113420486e-01
9.763894304633140564e-01
9.690654631704092026e-01
9.627060983330011368e-01
9.623816963285207748e-01
9.660869892686605453e-01
9.575513377785682678e-01
9.651474077254533768e-01
9.469729568809270859e-01
9.551432747393846512e-01
9.579828456044197083e-01
9.427167996764183044e-01
9.418493881821632385e-01
9.525775294750928879e-01
9.322807714343070984e-01
9.394423775374889374e-01
9.377914387732744217e-01
9.299123827368021011e-01
9.303819220513105392e-01
9.281976278871297836e-01
9.268193207681179047e-01
9.204162005335092545e-01
9.190448224544525146e-01
9.149574115872383118e-01
9.059801064431667328e-01
9.026829898357391357e-01
9.036322738975286484e-01
8.913017883896827698e-01
8.932809922844171524e-01
8.863684721291065216e-01
8.798346929252147675e-01
8.707557618618011475e-01
8.651718162000179291e-01
8.541022855788469315e-01
8.552875686436891556e-01
8.299394473433494568e-01
8.259879015386104584e-01
8.278617337346076965e-01
8.224909268319606781e-01
8.114657495170831680e-01
8.110370188951492310e-01
7.999634109437465668e-01
7.957456037402153015e-01
7.908459361642599106e-01
7.771669682115316391e-01
7.773300316184759140e-01
7.822626288980245590e-01
7.628241665661334991e-01
7.734053023159503937e-01
7.704195771366357803e-01
7.716476470232009888e-01
7.634296566247940063e-01
7.546672858297824860e-01
7.539924439042806625e-01
7.538722306489944458e-01
7.508610393851995468e-01
7.488523032516241074e-01
7.459103539586067200e-01
7.383764311671257019e-01
7.344528380781412125e-01
7.380158044397830963e-01
7.428131662309169769e-01
7.255065310746431351e-01
7.277923412621021271e-01
7.334072310477495193e-01
7.291728556156158447e-01
7.183294985443353653e-01
