3.219999969005584717e-01
3.297500014305114746e-01
3.345000147819519043e-01
3.357500135898590088e-01
3.368749916553497314e-01
3.283750116825103760e-01
3.336249887943267822e-01
3.307499885559082031e-01
3.371250033378601074e-01
3.301250040531158447e-01
3.293749988079071045e-01
3.362500071525573730e-01
3.361249864101409912e-01
3.342500030994415283e-01
3.306249976158142090e-01
3.256250023841857910e-01
3.350000083446502686e-01
3.318749964237213135e-01
3.343749940395355225e-01
3.311249911785125732e-01
3.348749876022338867e-01
3.448750078678131104e-01
3.301250040531158447e-01
3.420000076293945312e-01
3.327499926090240479e-01
3.402499854564666748e-01
3.378750085830688477e-01
3.396250009536743164e-01
3.510000109672546387e-01
3.569999933242797852e-01
3.431249856948852539e-01
3.371250033378601074e-01
3.513750135898590088e-01
3.521249890327453613e-01
3.471249938011169434e-01
3.428750038146972656e-01
3.564999997615814209e-01
3.445000052452087402e-01
3.481250107288360596e-01
3.488749861717224121e-01
3.479999899864196777e-01
3.553749918937683105e-01
3.578749895095825195e-01
3.571250140666961670e-01
3.567500114440917969e-01
3.662500083446502686e-01
3.650000095367431641e-01
3.672499954700469971e-01
3.759999871253967285e-01
3.782500028610229492e-01
3.716250061988830566e-01
3.687500059604644775e-01
3.729999959468841553e-01
3.758749961853027344e-01
3.835000097751617432e-01
3.858749866485595703e-01
3.801249861717224121e-01
3.878749907016754150e-01
3.958750069141387939e-01
3.919999897480010986e-01
3.972499966621398926e-01
4.012500047683715820e-01
3.903749883174896240e-01
3.971250057220458984e-01
4.216249883174896240e-01
4.379999935626983643e-01
4.416249990463256836e-01
4.693750143051147461e-01
4.722500145435333252e-01
4.827499985694885254e-01
4.896250069141387939e-01
4.972499907016754150e-01
5.084999799728393555e-01
5.086249709129333496e-01
5.086249709129333496e-01
5.105000138282775879e-01
5.243750214576721191e-01
5.184999704360961914e-01
5.237500071525573730e-01
5.195000171661376953e-01
5.237500071525573730e-01
5.286250114440917969e-01
5.302500128746032715e-01
5.307499766349792480e-01
5.343750119209289551e-01
5.283750295639038086e-01
5.367500185966491699e-01
5.299999713897705078e-01
5.364999771118164062e-01
5.308750271797180176e-01
5.301250219345092773e-01
5.318750143051147461e-01
5.378749966621398926e-01
5.348749756813049316e-01
5.348749756813049316e-01
5.410000085830688477e-01
5.440000295639038086e-01
5.391250252723693848e-01
5.386250019073486328e-01
5.419999957084655762e-01
5.437499880790710449e-01
5.362499952316284180e-01
5.312500000000000000e-01
5.437499880790710449e-01
5.385000109672546387e-01
5.469999909400939941e-01
5.410000085830688477e-01
5.433750152587890625e-01
5.461249947547912598e-01
5.453749895095825195e-01
5.481250286102294922e-01
5.437499880790710449e-01
5.488749742507934570e-01
5.422499775886535645e-01
5.463749766349792480e-01
5.485000014305114746e-01
5.531250238418579102e-01
5.467500090599060059e-01
5.568749904632568359e-01
5.557500123977661133e-01
5.512499809265136719e-01
5.558750033378601074e-01
5.613750219345092773e-01
5.567499995231628418e-01
5.643749833106994629e-01
5.615000128746032715e-01
5.627499818801879883e-01
5.593749880790710449e-01
5.638750195503234863e-01
5.678750276565551758e-01
5.730000138282775879e-01
5.761250257492065430e-01
5.839999914169311523e-01
5.828750133514404297e-01
5.920000076293945312e-01
5.973749756813049316e-01
5.948749780654907227e-01
5.997499823570251465e-01
6.019999980926513672e-01
5.996249914169311523e-01
6.118749976158142090e-01
6.116250157356262207e-01
6.194999814033508301e-01
6.082500219345092773e-01
6.186249852180480957e-01
6.152499914169311523e-01
6.202499866485595703e-01
6.190000176429748535e-01
6.122499704360961914e-01
6.179999709129333496e-01
6.248750090599060059e-01
6.240000128746032715e-01
6.140000224113464355e-01
6.287500262260437012e-01
6.269999742507934570e-01
6.294999718666076660e-01
6.286249756813049316e-01
6.311249732971191406e-01
6.306250095367431641e-01
6.388750076293945312e-01
6.395000219345092773e-01
6.384999752044677734e-01
6.257500052452087402e-01
6.274999976158142090e-01
6.313750147819519043e-01
6.351249814033508301e-01
6.332499980926513672e-01
6.315000057220458984e-01
6.359999775886535645e-01
6.305000185966491699e-01
6.352499723434448242e-01
6.367499828338623047e-01
6.341249942779541016e-01
6.318749785423278809e-01
6.397500038146972656e-01
6.392499804496765137e-01
6.439999938011169434e-01
6.401249766349792480e-01
6.401249766349792480e-01
6.433749794960021973e-01
6.511250138282775879e-01
6.461250185966491699e-01
6.493750214576721191e-01
6.545000076293945312e-01
6.386250257492065430e-01
6.526250243186950684e-01
6.501250267028808594e-01
6.531249880790710449e-01
6.489999890327453613e-01
6.453750133514404297e-01
6.461250185966491699e-01
6.542500257492065430e-01
6.562500000000000000e-01
6.586250066757202148e-01
6.597499847412109375e-01
6.511250138282775879e-01
6.586250066757202148e-01
6.508749723434448242e-01
6.614999771118164062e-01
6.562500000000000000e-01
