1.098839614540338516e+00
1.098824333399534225e+00
1.098863136023283005e+00
1.098920885473489761e+00
1.098796300590038300e+00
1.098761558532714844e+00
1.098734293133020401e+00
1.098759002983570099e+00
1.098857518285512924e+00
1.098781533539295197e+00
1.098681505769491196e+00
1.098704505711793900e+00
1.098776608705520630e+00
1.098768107593059540e+00
1.098794545978307724e+00
1.098756663501262665e+00
1.098854407668113708e+00
1.098736364394426346e+00
1.098804913461208344e+00
1.098798260092735291e+00
1.098723672330379486e+00
1.098793882876634598e+00
1.098824959248304367e+00
1.098676018416881561e+00
1.098816201090812683e+00
1.098753016442060471e+00
1.098739761859178543e+00
1.098733946681022644e+00
1.098783843219280243e+00
1.098810352385044098e+00
1.098772156983613968e+00
1.098705142736434937e+00
1.098716694861650467e+00
1.098809558898210526e+00
1.098731793463230133e+00
1.098727867007255554e+00
1.098914574831724167e+00
1.098731566220521927e+00
1.098783224821090698e+00
1.098710060119628906e+00
1.098781727254390717e+00
1.098706033080816269e+00
1.098729308694601059e+00
1.098849788308143616e+00
1.098728831857442856e+00
1.098701380193233490e+00
1.098751690238714218e+00
1.098750684410333633e+00
1.098865553736686707e+00
1.098803326487541199e+00
1.098737888038158417e+00
1.098763786256313324e+00
1.098685000091791153e+00
1.098771348595619202e+00
1.098713599145412445e+00
1.098882727324962616e+00
1.098706115037202835e+00
1.098864451050758362e+00
1.098830688744783401e+00
1.098768197000026703e+00
1.098953090608119965e+00
1.098778374493122101e+00
1.098701443523168564e+00
1.098757628351449966e+00
1.098753783851861954e+00
1.098732989281415939e+00
1.098741624504327774e+00
1.098809942603111267e+00
1.098800484091043472e+00
1.098811410367488861e+00
1.098659928888082504e+00
1.098874356597661972e+00
1.098697170615196228e+00
1.098746910691261292e+00
1.098715391010046005e+00
1.098861485719680786e+00
1.098750650882720947e+00
1.098848614841699600e+00
1.098755564540624619e+00
1.098771411925554276e+00
1.098769441246986389e+00
1.098788283765316010e+00
1.098794680088758469e+00
1.098745163530111313e+00
1.098839934915304184e+00
1.098804987967014313e+00
1.098690994083881378e+00
1.098771836608648300e+00
1.098807375878095627e+00
1.098730184137821198e+00
1.098738744854927063e+00
1.098838511854410172e+00
1.098834689706563950e+00
1.098858535289764404e+00
1.098759289830923080e+00
1.098796598613262177e+00
1.098732065409421921e+00
1.099101476371288300e+00
1.098755098879337311e+00
1.098806452006101608e+00
1.098666645586490631e+00
1.098877154290676117e+00
1.099230740219354630e+00
1.098737578839063644e+00
1.098782863467931747e+00
1.098616976290941238e+00
1.098806764930486679e+00
1.098691549152135849e+00
1.098804473876953125e+00
1.098745547235012054e+00
1.098702769726514816e+00
1.098711777478456497e+00
1.098813027143478394e+00
1.098827637732028961e+00
1.098687857389450073e+00
1.098714768886566162e+00
1.098706811666488647e+00
1.098694376647472382e+00
1.098676636815071106e+00
1.098773613572120667e+00
1.098775357007980347e+00
1.098714374005794525e+00
1.098660245537757874e+00
1.098735705018043518e+00
1.098681457340717316e+00
1.098774045705795288e+00
1.098803248256444931e+00
1.098666422069072723e+00
1.098672289401292801e+00
1.098658695816993713e+00
1.098687492311000824e+00
1.098686702549457550e+00
1.098630350083112717e+00
1.098584711551666260e+00
1.098670665174722672e+00
1.098795678466558456e+00
1.098743330687284470e+00
1.098919827491044998e+00
1.098717745393514633e+00
1.098692856729030609e+00
1.098622597754001617e+00
1.098702769726514816e+00
1.098873894661664963e+00
1.098546255379915237e+00
1.098535075783729553e+00
1.098611824214458466e+00
1.098759137094020844e+00
1.098725415766239166e+00
1.098642099648714066e+00
1.098590884357690811e+00
1.098536543548107147e+00
1.098514169454574585e+00
1.098674677312374115e+00
1.098600700497627258e+00
1.098804641515016556e+00
1.098595093935728073e+00
1.098652698099613190e+00
1.098630584776401520e+00
1.098564546555280685e+00
1.098498024046421051e+00
1.098476342856884003e+00
1.098599433898925781e+00
1.098579958081245422e+00
1.098450094461441040e+00
1.098545197397470474e+00
1.098588507622480392e+00
1.098515950143337250e+00
1.098672486841678619e+00
1.098552145063877106e+00
1.098614778369665146e+00
1.098420474678277969e+00
1.098375085741281509e+00
1.098456371575593948e+00
1.098466515541076660e+00
1.098500743508338928e+00
1.098505374044179916e+00
1.098426051437854767e+00
1.098361890763044357e+00
1.098417602479457855e+00
1.098300687968730927e+00
1.098273854702711105e+00
1.098321158438920975e+00
1.098260231316089630e+00
1.098145958036184311e+00
1.097958568483591080e+00
1.098653659224510193e+00
1.098548047244548798e+00
1.098139394074678421e+00
1.097970642149448395e+00
1.098266590386629105e+00
1.098265647888183594e+00
1.098445564508438110e+00
1.098212774842977524e+00
1.098508670926094055e+00
1.098191507160663605e+00
1.098207954317331314e+00
1.097981750965118408e+00
1.098183240741491318e+00
1.097933325916528702e+00
1.097982004284858704e+00
