3.319999873638153076e-01
3.287500143051147461e-01
3.306249976158142090e-01
3.348749876022338867e-01
3.269999921321868896e-01
3.316250145435333252e-01
3.316250145435333252e-01
3.317500054836273193e-01
3.307499885559082031e-01
3.361249864101409912e-01
3.291249871253967285e-01
3.364999890327453613e-01
3.379999995231628418e-01
3.235000073909759521e-01
3.388749957084655762e-01
3.287500143051147461e-01
3.367500007152557373e-01
3.341250121593475342e-01
3.305000066757202148e-01
3.403750061988830566e-01
3.361249864101409912e-01
3.384999930858612061e-01
3.402499854564666748e-01
3.404999971389770508e-01
3.436250090599060059e-01
3.373749852180480957e-01
3.535000085830688477e-01
3.403750061988830566e-01
3.456250131130218506e-01
3.483749926090240479e-01
3.574999868869781494e-01
3.560000061988830566e-01
3.698750138282775879e-01
3.697499930858612061e-01
3.827500045299530029e-01
3.833749890327453613e-01
3.897500038146972656e-01
4.115000069141387939e-01
4.351249933242797852e-01
4.607500135898590088e-01
4.656249880790710449e-01
4.876250028610229492e-01
4.875000119209289551e-01
4.861249923706054688e-01
4.943749904632568359e-01
4.957500100135803223e-01
5.005000233650207520e-01
5.113750100135803223e-01
5.084999799728393555e-01
5.191249847412109375e-01
5.214999914169311523e-01
5.147500038146972656e-01
5.235000252723693848e-01
5.251250267028808594e-01
5.276250243186950684e-01
5.377500057220458984e-01
5.417500138282775879e-01
5.433750152587890625e-01
5.509999990463256836e-01
5.392500162124633789e-01
5.525000095367431641e-01
5.582500100135803223e-01
5.626249909400939941e-01
5.601249933242797852e-01
5.609999895095825195e-01
5.598750114440917969e-01
5.636249780654907227e-01
5.686249732971191406e-01
5.712500214576721191e-01
5.763750076293945312e-01
5.759999752044677734e-01
5.774999856948852539e-01
5.703750252723693848e-01
5.688750147819519043e-01
5.773749947547912598e-01
5.828750133514404297e-01
5.888749957084655762e-01
5.820000171661376953e-01
5.841249823570251465e-01
5.906249880790710449e-01
5.957499742507934570e-01
5.911250114440917969e-01
5.897499918937683105e-01
5.939999818801879883e-01
5.935000181198120117e-01
5.989999771118164062e-01
6.035000085830688477e-01
6.087499856948852539e-01
6.076250076293945312e-01
6.115000247955322266e-01
6.228749752044677734e-01
6.175000071525573730e-01
6.241250038146972656e-01
6.232500076293945312e-01
6.177499890327453613e-01
6.205000281333923340e-01
6.331250071525573730e-01
6.283749938011169434e-01
6.351249814033508301e-01
6.349999904632568359e-01
6.406250000000000000e-01
6.370000243186950684e-01
6.493750214576721191e-01
6.401249766349792480e-01
6.453750133514404297e-01
6.414999961853027344e-01
6.470000147819519043e-01
6.482499837875366211e-01
6.496250033378601074e-01
6.551250219345092773e-01
6.541249752044677734e-01
6.528750061988830566e-01
6.604999899864196777e-01
6.592500209808349609e-01
6.606249809265136719e-01
6.595000028610229492e-01
6.698750257492065430e-01
6.607499718666076660e-01
6.653749942779541016e-01
6.701250076293945312e-01
6.668750047683715820e-01
6.678749918937683105e-01
6.690000295639038086e-01
6.712499856948852539e-01
6.747499704360961914e-01
6.773750185966491699e-01
6.792500019073486328e-01
6.788750290870666504e-01
6.846250295639038086e-01
6.853749752044677734e-01
6.896250247955322266e-01
6.875000000000000000e-01
6.948750019073486328e-01
7.020000219345092773e-01
7.034999728202819824e-01
7.049999833106994629e-01
6.977499723434448242e-01
7.105000019073486328e-01
7.061250209808349609e-01
7.131249904632568359e-01
7.141249775886535645e-01
7.137500047683715820e-01
7.141249775886535645e-01
7.183750271797180176e-01
7.182499766349792480e-01
7.191249728202819824e-01
7.188749909400939941e-01
7.222499847412109375e-01
7.262499928474426270e-01
7.243750095367431641e-01
7.238749861717224121e-01
7.281249761581420898e-01
7.316250205039978027e-01
7.225000262260437012e-01
7.277500033378601074e-01
7.271249890327453613e-01
7.336249947547912598e-01
7.211250066757202148e-01
7.276250123977661133e-01
7.319999933242797852e-01
7.287499904632568359e-01
7.337499856948852539e-01
7.335000038146972656e-01
7.311249971389770508e-01
7.308750152587890625e-01
7.376250028610229492e-01
7.329999804496765137e-01
7.343750000000000000e-01
7.328749895095825195e-01
7.354999780654907227e-01
7.415000200271606445e-01
7.378749847412109375e-01
7.343750000000000000e-01
7.356250286102294922e-01
7.357500195503234863e-01
7.406250238418579102e-01
7.373750209808349609e-01
7.331249713897705078e-01
7.398750185966491699e-01
7.379999756813049316e-01
7.294999957084655762e-01
7.358750104904174805e-01
7.368749976158142090e-01
7.378749847412109375e-01
7.393749952316284180e-01
7.372499704360961914e-01
7.390000224113464355e-01
7.388749718666076660e-01
7.375000119209289551e-01
7.391250133514404297e-01
7.388749718666076660e-01
7.384999990463256836e-01
7.402499914169311523e-01
7.386249899864196777e-01
7.433750033378601074e-01
7.390000224113464355e-01
7.400000095367431641e-01
7.434999942779541016e-01
7.458750009536743164e-01
7.421249747276306152e-01
