3.293749988079071045e-01
3.361249864101409912e-01
3.332499861717224121e-01
3.339999914169311523e-01
3.317500054836273193e-01
3.319999873638153076e-01
3.346250057220458984e-01
3.300000131130218506e-01
3.415000140666961670e-01
3.331249952316284180e-01
3.440000116825103760e-01
3.343749940395355225e-01
3.404999971389770508e-01
3.307499885559082031e-01
3.547500073909759521e-01
3.473750054836273193e-01
3.491249978542327881e-01
3.416250050067901611e-01
3.362500071525573730e-01
3.533749878406524658e-01
3.383750021457672119e-01
3.481250107288360596e-01
3.507499992847442627e-01
3.513750135898590088e-01
3.632499873638153076e-01
3.549999892711639404e-01
3.537499904632568359e-01
3.815000057220458984e-01
3.883750140666961670e-01
3.923749923706054688e-01
3.992500007152557373e-01
4.046249985694885254e-01
4.192500114440917969e-01
4.376249909400939941e-01
4.575000107288360596e-01
4.977500140666961670e-01
5.247499942779541016e-01
5.554999709129333496e-01
5.628749728202819824e-01
5.857499837875366211e-01
5.848749876022338867e-01
6.065000295639038086e-01
6.247500181198120117e-01
6.290000081062316895e-01
6.402500271797180176e-01
6.455000042915344238e-01
6.553750038146972656e-01
6.644999980926513672e-01
6.830000281333923340e-01
6.896250247955322266e-01
6.945000290870666504e-01
7.024999856948852539e-01
7.124999761581420898e-01
7.181249856948852539e-01
7.229999899864196777e-01
7.325000166893005371e-01
7.396249771118164062e-01
7.466250061988830566e-01
7.507500052452087402e-01
7.586249709129333496e-01
7.657499909400939941e-01
7.705000042915344238e-01
7.670000195503234863e-01
7.787500023841857910e-01
7.827500104904174805e-01
7.861250042915344238e-01
7.868750095367431641e-01
7.907500267028808594e-01
7.961249947547912598e-01
7.988749742507934570e-01
7.916250228881835938e-01
7.975000143051147461e-01
7.997499704360961914e-01
7.987499833106994629e-01
8.059999942779541016e-01
8.001250028610229492e-01
8.032500147819519043e-01
7.972499728202819824e-01
8.063750267028808594e-01
7.976250052452087402e-01
8.026250004768371582e-01
8.031250238418579102e-01
8.084999918937683105e-01
8.101249933242797852e-01
8.097500205039978027e-01
7.990000247955322266e-01
8.016250133514404297e-01
8.032500147819519043e-01
8.094999790191650391e-01
8.080000281333923340e-01
8.137500286102294922e-01
8.087499737739562988e-01
8.119999766349792480e-01
8.106250166893005371e-01
8.144999742507934570e-01
8.077499866485595703e-01
8.082500100135803223e-01
8.107500076293945312e-01
8.083750009536743164e-01
8.137500286102294922e-01
8.166249990463256836e-01
8.132500052452087402e-01
8.118749856948852539e-01
8.152499794960021973e-01
8.136249780654907227e-01
8.119999766349792480e-01
8.177499771118164062e-01
8.125000000000000000e-01
8.137500286102294922e-01
8.132500052452087402e-01
8.169999718666076660e-01
8.133749961853027344e-01
8.149999976158142090e-01
8.181250095367431641e-01
8.122500181198120117e-01
8.128749728202819824e-01
8.158749938011169434e-01
8.144999742507934570e-01
8.201249837875366211e-01
8.157500028610229492e-01
8.103749752044677734e-01
8.137500286102294922e-01
8.166249990463256836e-01
8.202499747276306152e-01
8.198750019073486328e-01
8.128749728202819824e-01
8.176249861717224121e-01
8.168749809265136719e-01
8.140000104904174805e-01
8.216249942779541016e-01
8.173750042915344238e-01
8.144999742507934570e-01
8.161249756813049316e-01
8.157500028610229492e-01
8.143749833106994629e-01
8.155000209808349609e-01
8.118749856948852539e-01
8.184999823570251465e-01
8.173750042915344238e-01
8.202499747276306152e-01
8.198750019073486328e-01
8.224999904632568359e-01
8.215000033378601074e-01
8.193749785423278809e-01
8.172500133514404297e-01
8.198750019073486328e-01
8.230000138282775879e-01
8.193749785423278809e-01
8.207499980926513672e-01
8.165000081062316895e-01
8.180000185966491699e-01
8.183749914169311523e-01
8.191249966621398926e-01
8.217499852180480957e-01
8.232499957084655762e-01
8.167499899864196777e-01
8.213750123977661133e-01
8.147500157356262207e-01
8.167499899864196777e-01
8.227499723434448242e-01
8.231250047683715820e-01
8.211249709129333496e-01
8.149999976158142090e-01
8.202499747276306152e-01
8.245000243186950684e-01
8.208749890327453613e-01
8.238750100135803223e-01
8.199999928474426270e-01
8.167499899864196777e-01
8.223749995231628418e-01
8.218749761581420898e-01
8.222500085830688477e-01
8.173750042915344238e-01
8.230000138282775879e-01
8.198750019073486328e-01
8.202499747276306152e-01
8.209999799728393555e-01
8.277500271797180176e-01
8.220000267028808594e-01
8.230000138282775879e-01
8.191249966621398926e-01
8.172500133514404297e-01
8.245000243186950684e-01
8.215000033378601074e-01
8.198750019073486328e-01
8.234999775886535645e-01
8.227499723434448242e-01
8.243749737739562988e-01
8.216249942779541016e-01
8.211249709129333496e-01
8.259999752044677734e-01
8.247500061988830566e-01
8.207499980926513672e-01
8.243749737739562988e-01
8.215000033378601074e-01
8.193749785423278809e-01
8.240000009536743164e-01
8.183749914169311523e-01
8.232499957084655762e-01
8.226249814033508301e-01
