2
0.450944 -0.322479 10.2081
2
1 0.358448 -0.219298 6.3246
-1 -0.0290807 0.0151297 0.831178
9
0.134182 -0.0203969 -0.0286074
2
-1 0.00620536 -0.0493352 0.696799
1 0.0494687 -0.027591 0.742437
34
-0.53535 0.858523 22.8284
2
-1 0.0792038 -0.0525846 2.42141
1 -0.225105 0.256536 2.96334
52
-0.416433 0.708318 19.7465
2
-1 0.0741665 -0.040651 0.477465
1 -0.145622 0.169828 2.97451
64
-0.735147 4.47819 55.008
2
1 -0.103846 0.286834 4.84664
-1 0.0264097 0.178774 0.874119
65
0.0303739 0.612198 9.17507
2
-1 -0.0870214 0.162498 3.39387
1 0.103377 0.0988369 0.622316
92
0.0896368 0.136316 3.24039
2
1 -0.0938077 0.0346892 1.07412
-1 0.240807 0.279778 5.5945
95
-0.022293 0.143335 -0.055466
3
-1 -0.0196755 -0.0208155 0.42108
1 0.0996142 0.0500963 1.32878
-1 -0.00314153 0.0164449 0.618111
103
-5.44954 9.01027 215.731
2
1 -0.144653 0.278074 4.39963
-1 0.0139837 -0.0612715 0.801006
107
-1.70502 -2.37154 59.4537
2
1 -0.241525 -0.216032 2.60757
-1 0.115991 0.0354017 1.88692
110
-0.216828 0.203377 2.82461
2
1 -0.291442 0.256002 4.11123
-1 -0.0779014 0.0744858 0.371027
116
1.46305 2.88674 57.0634
2
-1 -0.0314012 0.203801 1.1474
1 0.154702 0.0502219 3.84473
125
0.146085 -0.128862 0.141571
1
1 0.0253148 0.0933264 1.16693
135
-0.136667 -0.318738 3.0498
2
1 0.0233874 -0.173959 0.949072
-1 -0.320585 -0.179223 4.21419
156
1.54295 -7.96546 61.8261
2
-1 0.157858 -0.170133 1.01544
1 -0.0224573 -0.518487 4.34022
169
0.847851 -1.98382 38.7327
2
-1 -0.105351 -0.242533 2.17028
1 0.223254 -0.0300717 3.09284
179
-0.345084 -0.485865 8.60874
2
1 -0.231536 -0.267666 3.38494
-1 0.0735775 0.0513765 0.832143
185
-0.407906 4.96836 36.3536
2
1 0.0765565 0.296633 1.05987
-1 -0.115536 0.239529 2.85676
186
0.118038 -0.407897 10.138
2
1 0.0648867 -0.288216 3.24789
-1 -0.0124922 0.125832 1.21468
206
-9.19827 -1.13323 75.3611
2
-1 -0.158777 -0.0898066 0.804246
1 -0.421183 0.0233926 3.95104
212
2.19185 -1.15259 23.2564
2
1 0.293431 0.0689867 2.6987
-1 0.198529 -0.325833 2.50234
222
0.594113 1.46603 18.9843
2
1 0.102509 0.32512 4.87411
-1 0.0874228 0.163834 1.32779
223
1.21701 -4.32389 47.1424
2
-1 -0.0923162 -0.215928 3.12628
1 0.216831 -0.209168 1.53935
266
-0.954402 -1.34051 14.0265
2
-1 0.0421819 -0.0397627 0.724109
1 -0.422785 -0.47412 4.56771
271
0.0211376 -0.266687 2.07736
2
-1 0.0390168 -0.3811 3.37976
1 0.0978746 -0.0123128 0.477601
279
-0.00919427 -0.145855 0.243214
1
1 0.0275355 -0.0126378 1.49394
289
-1.22632 0.379793 16.5236
2
1 -0.262973 -0.0324509 2.21797
-1 0.0700642 0.104144 0.534152
300
0.447704 0.0349027 12.344
2
1 0.305957 0.0358995 5.6866
-1 -0.0651383 -0.0282256 0.935947
303
-0.297374 0.0279347 0.226765
1
1 -0.0132911 0.076972 0.743411
327
0.0688057 0.0327166 -0.150416
2
1 0.0637819 0.0357275 1.37197
1 -0.0290893 -0.01658 0.455315
339
0.0712804 -0.0338555 0.186068
1
-1 -0.112832 0.0498753 1.16382
342
0.722613 -0.780843 26.9997
2
1 0.0530667 -0.179799 5.16589
-1 0.109737 -5.22918e-06 0.696112
344
-0.781499 -0.657348 11.8724
2
1 -0.161862 -0.277062 3.63652
-1 -0.073931 0.0424011 0.410995
351
-0.0870789 0.0867459 3.61419
2
-1 0.0209217 0.0432352 0.88429
1 -0.0543667 0.0729194 2.748
353
-0.040345 -3.96725 42.0762
2
-1 0.091147 -0.0989415 0.77996
1 -0.0922069 -0.487413 5.51893
370
0.6237 -1.65693 35.5434
2
1 0.0279983 -0.158592 3.42101
-1 0.0402011 -0.0181039 0.329744
375
1.76969 0.0953779 18.407
2
1 0.491354 0.10285 5.81891
-1 0.166435 -0.0786841 1.20283
395
3.28832 -0.659114 27.692
2
-1 -0.0150553 0.00712313 0.255003
1 0.339667 -0.0739378 2.50094
403
1.48513 4.83185 77.752
2
-1 -0.0337153 0.0875043 0.919698
1 0.110213 0.159878 3.09259
437
-0.0415039 0.0708498 1.10851
2
1 -0.000233689 0.223005 3.19301
-1 -0.0475537 -0.010087 0.250426
438
-1.38127 -0.439234 27.4842
3
1 -0.150318 0.00476061 2.17384
-1 0.0309486 -0.0416462 0.167497
-1 -0.0203595 -0.0551251 0.750641
442
0.774607 1.50227 21.7066
2
-1 0.0217282 0.174423 1.20651
1 0.198391 0.268758 5.51472
450
1.55958 -1.39269 52.4508
2
-1 -0.114671 -0.0457699 2.99474
1 0.299695 -0.126595 3.31056
462
-1.00565 -0.1395 8.87568
2
1 -0.552233 -0.064928 4.32678
-1 0.0190734 0.00532793 0.772654
466
-0.0959987 0.106049 0.109011
3
-1 -0.0128752 0.0262003 0.63598
1 0.0543003 -0.0244288 0.974084
-1 0.0542394 1.59757e-05 1.63741
480
-0.561961 -2.26981 28.8684
2
-1 -0.269029 -0.305794 4.15221
1 0.149183 -0.201852 2.26519
483
3.56045 -2.9364 54.4247
2
-1 0.00966049 -0.253543 1.85266
1 0.343652 -0.0368119 3.57901
485
0.00985276 -0.0732745 0.0597926
1
1 -0.0583851 0.0202458 0.820607
512
0.0660241 -0.0625404 1.22071
2
-1 0.0951861 0.0235887 0.577702
1 -0.0165338 -0.0012705 4.62779
515
-0.212527 -0.0368829 12.4298
2
1 -0.107117 0.0417152 2.73651
-1 0.0543687 -0.0529425 0.286703
529
-0.78639 -2.7959 31.8438
2
1 -0.104803 -0.468261 4.18031
-1 -0.0222214 0.00965278 0.958734
545
-1.14501 0.469387 20.338
2
-1 0.0388643 0.0796547 0.657543
1 -0.288068 0.0140213 3.76598
550
0.230897 1.02358 10.1767
2
-1 -0.0750527 0.091606 0.953254
1 0.184885 0.421856 4.22291
572
0.868431 3.57582 50.3247
2
-1 0.026442 -0.046083 0.602348
1 0.0658205 0.420932 4.65297
579
4.91587 -0.894565 63.3674
2
-1 0.085052 -0.0597337 1.43471
1 0.387817 -0.0283425 4.65921
583
2.30794 0.120452 39.453
2
-1 -0.0460205 -0.0551006 0.601261
1 0.258244 0.0707977 2.99705
595
0.560058 -0.353438 9.89534
2
1 0.143197 -0.0955755 3.53189
-1 0.093479 -0.0760477 1.07038
620
0.725867 0.936478 12.4663
2
-1 -0.0768345 0.170318 1.50658
1 0.3908 0.239905 3.99055
621
-0.0560954 -0.230236 2.90102
2
-1 0.063665 -0.0631986 0.241036
1 -0.114542 -0.0911903 2.2014
622
0.0110349 -0.0344184 0.802196
2
1 -0.0420998 -0.0279855 5.11647
-1 0.0985214 0.109884 1.10672
633
-0.717013 0.326587 10.4306
2
-1 -0.340527 0.149727 3.1126
1 0.0681713 -0.0341665 0.657581
647
-0.407784 -1.58073 23.9969
2
1 0.0502366 -0.259373 5.42341
-1 -0.173144 -0.237101 2.03091
649
1.23189 -1.72156 20.1322
2
-1 0.0534091 -0.351811 3.16104
1 0.18769 0.000306467 0.922006
663
-3.33149 -1.83845 95.681
2
1 -0.22409 -0.15283 5.16182
-1 -0.00702351 0.0272961 1.4564
675
0.0564521 0.283199 0.134465
1
1 0.163193 0.0191133 1.95728
695
-0.0990747 -0.0220865 -0.104849
1
-1 -0.0283173 0.0539994 0.952542
696
-0.0397445 0.00106862 0.00955669
2
-1 0.0353685 0.0148831 0.840841
1 0.0117486 0.0106595 0.330321
700
0.60707 -0.0710342 5.70156
2
-1 0.095668 0.146488 0.737649
1 0.311667 -0.1764 2.60736
728
0.231972 0.195639 0.0390369
1
1 -0.0361919 -0.0161303 0.78114
737
-1.00477 0.202882 13.0464
2
1 -0.17296 0.05217 0.792756
-1 -0.220742 0.0400636 4.28609
754
8.57104 3.74007 68.6281
2
-1 -0.00248229 0.116738 1.26223
1 0.611222 0.144819 3.6018
756
0.220143 3.98921 65.8032
2
-1 0.0736709 0.0425027 1.3345
1 -0.0518185 0.340795 4.98619
762
0.389959 0.310596 8.98094
2
1 0.0921676 -0.139045 1.56139
-1 0.011185 0.235428 1.01446
765
0.246594 -0.675494 5.06572
2
1 -0.0219238 0.0813225 0.859907
-1 0.116787 -0.352907 1.25116
776
1.11552 -0.53975 10.5774
2
1 0.20609 0.0209522 2.94489
-1 0.300169 -0.283413 1.99615
783
-10.097 -0.862554 94.1838
2
-1 -0.415556 -0.0707315 3.55256
1 -0.00716824 0.0360567 0.382459
793
-0.214675 -0.0421665 0.0863499
1
1 -0.00165726 -0.0212477 0.275284
813
-0.138415 0.00435336 -0.0353678
2
1 0.0463223 0.149991 1.48506
-1 -0.159077 -0.0877937 1.53979
817
0.216392 -0.0770038 -0.0457132
2
1 0.0255041 0.017929 0.493327
1 -0.0125657 0.0280906 1.20634
818
-1.02986 -0.488483 10.0023
2
1 -0.12764 0.0876561 1.20411
-1 -0.504751 -0.356796 4.87479
822
-0.139548 0.0225676 -0.141893
1
1 0.00313253 0.014028 0.337014
834
-0.00668884 0.168998 0.127544
1
1 0.15777 -0.12107 1.77284
856
-0.0598175 0.0519168 0.11956
1
1 0.0390802 -0.0589035 0.857319
863
0.0509776 1.14354 16.6518
2
-1 -0.139564 0.125835 1.13244
1 0.134646 0.255286 4.34294
865
0.453247 -3.43515 60.7086
2
1 0.127684 -0.248078 4.97409
-1 -0.0811497 -0.0960288 1.1101
870
3.44265 -2.4524 33.1526
2
1 0.356611 -0.150846 3.38232
-1 0.0622024 -0.149946 0.705071
879
0.731929 -0.0909392 12.848
2
-1 0.384065 -0.00533069 4.69299
1 -0.0684929 -0.0427196 1.01279
884
-0.0533356 -0.152593 -0.197418
2
-1 -0.0592377 0.0727832 1.35303
-1 -0.0507103 0.00857327 0.971994
899
0.647744 1.31376 31.7161
2
1 0.182502 0.145952 4.58205
-1 -0.0715624 0.0565179 0.591302
905
-0.105628 0.0603954 0.0623584
1
-1 -0.0107663 -0.0650662 1.32841
916
-6.35141 3.75041 103.357
2
1 -0.289625 -0.0644404 2.86633
-1 -0.0195713 0.246858 2.14497
921
1.13426 -1.14581 30.0166
2
-1 0.237754 -0.0231694 1.6112
1 -0.0428994 -0.179654 3.66107
923
0.0705935 -0.203151 6.47229
2
-1 -0.0266214 -0.0968631 1.08085
1 0.0863034 -0.0635056 3.90537
926
-0.000269683 0.272989 4.2328
2
1 -0.0469604 0.259115 2.01439
-1 0.0318834 -0.0970248 0.427757
936
-1.07451 1.89328 60.2694
2
-1 -0.14206 0.165964 1.30213
1 0.0551756 -0.00849426 3.5574
938
-1.83307 0.507494 27.9103
2
1 -0.344431 0.129767 4.09273
-1 0.0311475 -0.0485614 0.755967
941
2.88339 5.65236 74.1591
2
-1 -0.0279024 0.206751 3.99038
1 0.327053 0.386755 3.77746
948
0.127476 0.109571 -0.293879
1
-1 -0.0134631 -0.0345846 0.621716
996
-0.144861 0.0273796 -0.207296
1
-1 0.0642289 -0.072004 1.06756
1017
0.0200377 0.234396 0.0986195
3
-1 -0.0234629 0.132507 1.71678
1 0.0819771 -0.0539894 1.08013
1 -0.021739 -0.151126 1.28456
1028
4.33028 -11.0391 96.8868
2
-1 0.0131307 -0.224189 1.68041
1 0.335653 -0.652535 6.00536
1043
4.57491 -0.835249 55.7624
2
1 0.568832 -0.0819647 5.82648
-1 -0.0275397 -0.0245798 0.768507
1048
0.20237 0.199144 -0.103607
1
-1 -0.0307428 0.00536407 0.910268
1049
-0.0851931 0.155676 -0.0555098
1
-1 -0.155921 0.0344522 1.4285
1083
0.299193 0.284801 0.00577609
1
-1 0.0338224 0.0074459 0.553687
1088
-6.33872 -2.06272 60.5344
2
1 -0.459582 -0.104631 4.59233
-1 -0.16455 -0.0948182 1.38604
1094
3.89608 2.96346 44.7498
2
1 -0.0280857 0.144654 1.76933
-1 0.515475 0.221566 3.78661
1097
0.85048 0.279609 28.3211
2
1 -0.056635 0.0011897 0.270276
-1 0.140867 0.0223479 2.3972
1118
-0.618725 -1.76449 26.4928
2
1 -0.14707 -0.174192 3.85671
-1 0.0425722 -0.116031 0.564446
1154
-0.0810373 -0.0205187 1.89988
2
1 -0.24728 0.0347223 1.4738
-1 -0.0999987 0.295884 4.324
1161
-0.022998 -0.119036 -0.0217986
1
1 -0.0826131 -0.0445917 1.38223
1165
-0.957821 -0.301989 15.8556
2
-1 0.0301649 -0.0567602 0.406891
1 -0.302007 -0.0306923 4.05005
1176
0.840406 -0.907939 26.5537
2
-1 0.230327 -0.185492 2.08387
1 -0.0556963 -0.0111567 3.38615
1182
-6.59866 -1.4108 179.408
2
-1 -0.023047 0.0286269 1.35711
1 -0.188986 -0.0746519 4.41227
1194
-0.0371959 -0.0410764 1.12635
2
-1 -0.0829872 -0.0369392 0.249119
1 0.108778 -0.0101447 1.96477
1217
-2.40802 -2.00279 46.2581
2
1 -0.142822 -0.196635 3.77955
-1 -0.0683152 0.0171026 0.324929
1223
0.0815862 0.158757 0.239107
1
-1 -0.0243799 0.0618362 0.880137
1227
-0.00751547 -0.00571613 -0.0472259
1
-1 -0.0530342 0.00443111 1.12905
1229
7.75046 2.62666 74.9059
2
1 0.329019 0.0137195 3.23309
-1 0.0677111 0.121833 0.609686
1239
0.581109 0.107864 6.16251
2
1 0.244095 0.18512 3.90046
-1 0.272833 -0.149194 1.96454
1245
-1.51718 -2.37337 48.8376
2
1 0.0496024 0.022589 2.28969
-1 -0.151584 -0.180082 0.956036
1252
-4.21998 -0.284543 49.0919
2
-1 -0.137128 -0.169292 0.995909
1 -0.182134 0.150679 2.70497
1253
0.417125 0.232076 8.08966
2
-1 0.105547 -0.0370933 0.504041
1 0.0396633 0.141733 2.31718
1261
0.12138 -0.170779 0.0923133
1
-1 -0.0619901 -0.00243448 0.800948
1276
0.0507773 -0.020257 0.754928
2
-1 0.300691 -0.231401 4.84028
1 -0.0810769 -0.0368851 0.902266
1280
0.912936 -1.52123 23.1303
2
-1 0.114253 -0.267993 1.24909
1 0.0158479 0.0415916 2.15418
1284
0.117015 0.130005 0.0397787
1
-1 0.0249931 0.0549055 0.648362
1300
0.0048172 -0.203528 0.170794
2
-1 0.0141713 -0.0404962 0.595479
1 0.0750425 0.0309393 0.852808
1301
0.0127149 0.0742533 -0.111637
3
-1 0.0208017 0.012759 1.07826
-1 -0.0899155 -0.0316019 1.18577
-1 0.0789466 -0.046905 1.20329
1304
0.114864 0.0630743 0.184729
1
-1 -0.0167061 0.0266724 0.910039
1338
-3.8372 1.51196 46.7171
2
1 -0.42483 0.15929 4.47233
-1 0.02134 -0.000889731 0.373365
1356
-0.143916 -0.0137048 0.0784973
2
1 0.0362768 0.046842 0.786775
1 0.0130678 0.0073759 0.415909
1358
0.0338019 -0.00786301 2.77509
2
-1 -0.0781409 0.000960285 0.888381
1 0.1298 0.0814411 3.6298
1384
0.445085 -0.158022 10.5511
2
-1 -0.0329042 -0.120524 3.36688
1 0.267364 0.0513666 1.9852
1400
-1.32082 -0.0168989 19.6604
2
-1 0.0607805 0.0115441 1.03482
1 -0.444491 -0.00637888 4.79875
1403
2.56302 3.14485 44.7191
2
1 0.203182 0.372681 4.11032
-1 0.0938682 -0.0135208 0.993209
1412
1.33322 -0.805885 27.6033
2
-1 0.141105 0.11591 1.01229
1 0.0411878 -0.217084 2.80618
1414
0.128819 -0.0383863 -0.105535
1
-1 0.040064 -0.0304793 1.22103
1416
-1.92747 1.52788 26.5703
2
-1 -0.23803 0.364479 2.89738
1 -0.0976033 -0.0915329 1.75873
1438
-7.22213 -1.14395 70.1958
2
1 -0.0688792 0.130388 0.958947
-1 -0.388779 -0.203592 3.5348
1439
-1.92024 0.508918 22.6627
2
-1 -0.122975 -0.0524281 0.600245
1 -0.257147 0.163777 3.90037
1442
-0.198258 2.31454 39.2835
2
-1 0.142469 0.00869829 2.48752
1 -0.153552 0.227001 1.64043
1475
-0.0356473 0.0192676 0.174842
2
1 -0.156161 0.0146591 1.18145
-1 0.258485 0.0576457 1.32262
1479
0.181222 -1.15905 12.0475
2
1 0.0797926 -0.380429 2.87335
-1 -0.022197 0.0386448 0.572399
1480
0.577085 -0.100358 6.90983
2
1 0.177476 -0.0814722 2.28226
-1 0.022892 0.033171 0.212463
1484
0.165221 0.172002 -0.118019
1
-1 -0.0572165 -0.00576096 1.09212
1490
1.58293 0.208657 11.7737
2
-1 0.445861 0.270854 3.47646
1 0.567569 -0.1262 3.9824
1498
-1.06675 0.146593 9.29959
2
-1 -0.117479 0.084991 0.587416
1 -0.229715 -0.0540127 2.70389
1559
0.487029 0.587334 8.51356
2
-1 0.083468 -0.0416808 0.529802
1 0.17753 0.351624 3.72589
1574
-3.80765 -0.0984798 99.9661
2
1 0.0891491 -0.0140058 2.00448
-1 -0.388651 0.00488878 5.89208
1598
0.0846258 -0.125645 -0.12526
1
-1 -0.00748447 -0.0793434 0.71815
1602
1.10555 0.0630678 11.3653
2
-1 0.0727981 -0.0716053 0.62088
1 0.564774 0.0849205 6.10836
1606
0.257502 0.0625545 -0.194215
1
1 -0.0115723 0.0132617 1.13752
1611
2.06594 0.351912 18.3338
2
1 0.229895 0.17252 1.44634
-1 0.498412 -0.0436609 4.89775
1628
0.0285794 -3.56143 62.4068
2
-1 -0.0266611 -0.25031 3.88773
1 0.0276968 0.00679585 0.392992
1630
-2.11524 -1.84452 20.6302
2
1 -0.431589 -0.338384 2.54847
-1 -0.0439171 -0.0673466 2.09077
1641
-0.141327 0.0542025 1.20361
2
1 -0.465381 0.307532 4.4467
-1 -0.116084 -0.0152986 1.20531
1645
-0.915267 -0.0998879 11.1282
2
1 -0.25794 -0.0678288 1.222
-1 -0.11071 0.0379873 3.39674
1656
1.29099 0.898768 14.1946
2
1 0.29056 -0.0217316 1.94429
-1 0.253389 0.409662 4.06769
1658
0.105222 0.112716 -0.0460714
5
-1 -0.0181062 0.0178941 0.469099
-1 -0.0585476 0.00802059 0.573095
1 0.00405145 -0.0034874 0.971461
-1 -0.1027 0.0914654 1.35215
1 0.0943961 -0.0248595 1.13068
1659
-0.434033 0.596222 12.2346
2
-1 -0.307364 0.146223 2.9111
1 0.114786 0.122767 2.59596
1671
-1.11514 -1.17464 56.5584
2
1 -0.111534 0.0570196 0.655884
-1 0.0316478 -0.134965 3.3882
1691
-0.0188149 -0.00635783 1.70921
2
1 -0.20597 0.201547 4.07387
-1 0.0920411 -0.0875825 1.47365
1706
0.210793 -0.260685 -0.0136596
1
-1 0.0734194 -0.00852915 1.83416
1708
-0.0191729 0.0994493 4.35794
2
1 -0.133739 0.246219 4.96498
-1 0.0589095 -0.0424108 0.774059
1726
0.531999 0.439159 23.607
2
-1 -0.0513591 -0.011916 4.63557
1 0.235709 0.142876 2.61685
1728
-0.639393 0.130609 9.25096
2
1 -0.0676176 0.0487977 3.76108
-1 -0.350612 0.0594915 2.21035
1737
-0.239768 -0.111931 -0.268058
1
1 0.0250183 -0.0140955 0.76083
1745
1.04918 1.00966 27.5912
2
-1 -0.00184892 0.0432254 0.23714
1 0.134626 0.0883926 3.36009
1746
0.218758 0.197656 7.18255
2
1 0.181409 0.167923 4.09587
-1 -0.0668309 -0.0342097 0.602059
1763
-0.593566 -1.64529 36.4038
2
1 -0.0626712 -0.0434025 2.63212
-1 0.00884433 -0.110995 0.697429
1777
1.15212 -0.441835 14.3394
2
-1 0.497992 -0.322605 6.43926
1 0.171899 0.0896004 1.59223
1787
-0.49603 0.216473 9.38441
2
-1 -0.137017 0.0168715 0.652534
1 -0.0867665 0.0623586 3.219
1794
-1.33476 1.1875 25.8689
2
1 -0.07705 -0.00518475 2.03062
-1 -0.0500164 0.112897 0.379774
1802
-1.52185 0.855684 46.6763
2
-1 -0.164714 0.117501 6.55918
1 -0.0644363 0.0208904 0.682636
1808
0.0795042 0.0419022 0.0874671
1
-1 0.0211089 0.0206041 0.617265
1824
1.20251 -0.449067 17.7999
2
-1 0.297376 -0.0239406 2.52978
1 -0.0890952 -0.0398541 0.536108
1836
0.457674 -0.0487003 6.89963
2
1 0.0645966 0.156107 1.21028
-1 0.250829 -0.178341 3.7603
1860
0.333332 0.0074197 0.0606775
1
-1 -0.0935378 0.0110529 1.01449
1863
-0.243556 -0.163258 3.64357
2
1 0.079384 -0.120574 1.48503
-1 -0.349015 -0.0042529 2.26647
1875
0.631433 -0.781412 14.9247
2
-1 -0.0545263 -0.0623135 0.663005
1 0.32956 -0.254589 5.2127
1907
11.1861 -0.626665 139.04
2
1 0.466082 0.0324714 6.55823
-1 0.123339 -0.0648374 0.781088
1937
0.111647 -0.109835 -0.136008
1
-1 -0.059954 -0.0382758 0.833388
1942
0.608907 -2.03702 24.065
2
1 0.170204 -0.431894 3.38116
-1 -0.0478947 0.0464938 1.25656
1947
0.342691 -1.9017 27.0659
2
1 0.0615898 -0.380691 3.12141
-1 -0.012643 0.0897354 1.03649
1951
-3.75643 -3.41528 43.3307
2
1 -0.0137125 -0.179142 2.47663
-1 -0.395181 -0.185681 2.13692
1956
-0.713627 -3.24241 35.297
2
-1 -0.116584 -0.23699 1.16877
1 0.0177361 -0.222532 3.83693
1969
-0.521304 -2.29193 25.1003
2
1 0.0701496 0.0359949 1.52052
-1 -0.117687 -0.262252 0.968272
1975
0.344811 -0.315827 20.4618
2
1 0.255003 -0.0333632 3.13962
-1 -0.160428 -0.0698271 2.64165
1977
-1.00203 1.17746 21.7253
2
-1 -0.0287513 0.100294 3.60374
1 -0.185109 0.158425 1.16288
2012
-0.0418275 0.149368 -0.000942122
1
1 -0.019192 -0.0187496 0.69237
2024
-1.05303 -2.27611 22.247
2
1 -0.171554 -0.387703 4.92829
-1 -0.100683 -0.196829 0.925203
2029
-0.732877 0.266322 9.26211
2
1 -0.0510079 0.21507 2.5251
-1 -0.344688 -0.0571689 2.25309
2040
-0.00960643 0.344144 4.94861
2
1 -0.0724518 0.272889 2.9985
-1 0.0628701 -0.0408874 0.418827
2055
0.223846 -0.317199 43.3424
2
1 0.026622 0.171897 4.15029
-1 0.019947 -0.244737 5.49844
2060
0.0648111 -0.176353 1.92687
2
-1 0.018399 0.0208177 0.408628
1 -0.0287985 -0.346479 5.09131
2061
-0.160665 0.0658942 -0.146796
5
1 0.0247367 0.0121495 1.50265
1 -0.0247027 -0.0333851 0.941259
-1 -0.0463911 -0.0466679 1.04946
1 -0.00161717 -0.0488256 1.26595
1 0.0464086 0.00204647 0.850221
2063
1.18553 -0.534891 51.4215
3
-1 0.0158801 0.0414651 1.07837
1 0.0898747 -0.0905441 3.55391
-1 -0.00326107 -0.00150011 0.848862
2083
2.12613 0.220785 60.6043
2
-1 0.0579084 -0.0923129 0.740633
1 0.104093 0.109489 3.83335
2091
-0.0724645 0.171649 4.22534
2
-1 -0.0855266 0.301427 4.07372
1 0.00854763 -0.0783482 0.752707
2109
-0.00657419 0.267136 0.0519798
4
1 -0.0631808 -0.00545209 1.20199
-1 -0.0102957 0.0303261 0.862836
1 0.0216067 0.0972742 1.10573
-1 0.00365521 0.115471 1.90363
2110
0.14248 0.158888 4.15275
2
1 0.0346226 -0.111968 1.7131
-1 0.260684 0.309155 4.6467
2128
0.00711209 -0.0467414 0.0152168
1
1 -0.0814686 0.109847 1.21899
2132
-2.26362 -0.811835 22.3946
2
-1 -0.14037 -0.112809 1.06657
1 -0.371558 -0.0825595 3.99125
2136
0.00269878 -0.0270904 0.732492
2
1 0.044602 -0.139407 0.558329
-1 -0.15268 0.128411 1.99652
2154
1.92478 3.06446 54.0705
2
1 -0.101986 0.115454 1.96082
-1 0.194987 0.0370719 0.693188
2155
-1.98477 0.369185 37.9027
2
-1 0.0360587 0.0651804 0.701934
1 -0.239308 -0.0308258 3.04625
2170
2.46876 3.13113 88.8423
3
1 0.109936 -0.024874 0.98117
-1 0.0821266 0.270676 6.05726
1 -0.0223247 0.00655625 0.872461
2172
0.016161 0.287921 4.78891
2
1 0.102894 0.109908 0.879997
-1 -0.147531 0.240362 4.47342
2173
0.619425 -0.285428 32.3032
2
-1 0.0962744 -0.0556258 0.498337
1 -0.0255558 0.0281175 2.91402
2178
0.511388 -0.897169 19.8895
2
1 -0.115608 0.0307246 2.05524
-1 0.231245 -0.218085 2.43947
2193
0.286285 -0.0359003 3.83753
2
-1 0.435256 -0.015152 4.31406
1 -0.0713314 -0.0108488 1.19159
2204
-0.224301 -0.958794 11.3992
2
-1 -0.0181866 0.0322495 0.61845
1 -0.061275 -0.524487 5.23377
2209
-0.402719 1.99297 43.614
2
-1 -0.176499 0.0556434 1.8706
1 0.102186 0.3073 5.83501
2214
-0.0251359 0.00189386 -0.133518
1
1 0.0387365 -0.00233279 0.94491
2220
-1.16155 0.0773634 15.8769
2
-1 -0.114336 -0.0470662 0.675194
1 -0.331571 0.102299 5.73151
2230
-0.0119543 -0.0620143 0.715863
2
1 -0.285538 -0.412566 5.17631
-1 0.00691917 0.037926 0.635621
2236
0.111195 -0.470509 7.49653
2
-1 0.0576785 -0.135594 4.87454
1 0.000987371 -0.326838 2.19615
2259
2.42308 -2.16561 51.065
2
1 0.074111 -0.14349 3.70852
-1 0.132824 -0.0459061 0.732631
2271
-1.38776 2.16796 41.9266
2
-1 -0.0594958 0.0455489 0.360936
1 -0.0979087 0.202348 4.40389
2276
-0.584599 0.170291 36.9277
2
1 -0.182639 0.0360772 2.28452
-1 0.137132 -0.0268927 0.613964
2286
-0.268448 3.36388 39.9209
2
1 -0.0171892 0.146463 0.850923
-1 -0.0527143 0.494007 6.71637
2295
0.300088 2.45607 23.6827
2
-1 0.109444 0.248508 3.48117
1 -0.0454349 0.196834 0.741681
2307
0.0117577 0.102718 1.72076
2
-1 0.257775 0.197395 3.80691
1 -0.122031 0.186956 1.55935
2309
1.223 -1.70623 46.3496
2
-1 -0.0967215 0.0381641 1.17146
1 0.244871 -0.230488 4.1193
2321
0.165734 0.130819 0.00728308
1
-1 -0.0451699 0.0682678 1.15882
2341
1.64856 2.26625 23.9794
2
-1 0.262091 0.258454 3.08044
1 -0.0268576 0.0682653 0.346311
2345
1.99971 -1.38855 24.3522
2
-1 0.0297655 -0.106148 0.634431
1 0.535259 -0.297507 6.35247
2355
-0.517047 0.180248 7.07305
2
-1 0.0463739 0.0369939 0.615341
1 -0.319013 0.0320144 2.83764
2365
2.0117 3.87931 173.122
2
-1 -0.0398867 -0.0506408 0.415611
1 0.0930312 0.151917 4.07176
2366
-5.96201 -1.37024 87.2672
2
-1 -0.155646 -0.0448778 0.969875
1 -0.200372 -0.0384785 4.25614
2386
-0.737927 1.36656 22.884
2
1 -0.19108 0.288781 2.30755
-1 -0.0132945 0.0931009 4.19775
2402
-1.42904 0.00512081 10.7719
2
1 -0.323394 -0.0123672 1.16397
-1 -0.280732 0.0126307 3.39896
2427
-0.386898 1.41473 31.47
2
-1 0.00648545 -0.0725626 0.314021
1 -0.04317 0.204648 2.60365
2483
-1.1189 -2.18842 23.4355
2
-1 -0.0879325 -0.168783 1.03497
1 -0.149504 -0.296055 4.02051
2496
-0.00889574 1.61896 19.663
2
-1 0.146947 0.152778 2.15369
1 -0.150215 0.0683728 0.583659
2500
-0.257892 -0.682701 16.1476
2
1 0.161667 -0.07156 1.17422
-1 -0.228273 -0.0832771 2.5759
2509
-0.905066 -2.30384 32.5666
2
-1 -0.202135 -0.0148719 1.41278
1 0.0759009 -0.303903 3.14278
2520
0.00351887 -0.240878 -0.187737
1
-1 -0.0968992 -0.0785019 1.18832
2526
0.0307355 1.10984 18.0128
2
-1 0.20123 0.258565 3.44206
1 -0.197121 0.146187 3.28712
2528
-0.487908 0.295215 6.5179
2
-1 -0.06338 0.0954951 0.403434
1 -0.273177 0.0908338 3.66405
2530
0.0561042 0.176105 -0.0135279
2
1 0.0760497 0.0226755 1.02643
-1 -0.0342395 0.102179 1.48416
2549
0.344232 -1.68053 19.4416
2
-1 -0.0268295 -0.165817 0.664906
1 0.106585 -0.200527 3.65822
2552
-0.457999 -2.48906 31.1356
2
1 0.156514 -0.0784805 1.4298
-1 -0.226034 -0.292759 3.32322
2560
0.245685 -1.71342 16.94
2
1 0.131517 -0.321498 3.5906
-1 -0.0789285 -0.119944 0.680398
2562
0.192161 0.0415696 8.57172
2
1 0.233744 0.0675873 2.20997
-1 -0.159357 -0.0577387 2.19626
2590
-0.186269 -0.475068 14.4394
2
-1 0.0627922 0.0230786 0.412043
1 -0.105271 -0.174892 3.95722
2591
-0.166135 0.124592 2.03257
2
1 -0.348383 0.20164 5.64821
-1 -0.149762 0.256181 1.66061
2613
0.72471 1.94082 15.8426
2
1 0.138718 0.35115 3.3255
-1 0.0170229 0.077746 0.248608
2615
-0.00592527 0.259093 6.25626
2
1 0.102854 0.134341 4.82907
-1 -0.0901617 0.068569 1.01602
2617
-0.388758 0.243965 6.06112
2
-1 0.0124457 0.104291 3.12713
1 -0.431609 0.146641 3.67095
2629
0.0898504 0.0498038 -0.0711372
1
-1 -0.0269743 -0.0211439 0.883176
2632
-2.14144 1.43901 61.6037
2
1 -0.181865 -0.0382867 4.4638
-1 -0.00915819 0.174697 1.20762
2647
0.174542 -2.28656 46.5578
2
-1 0.00567921 0.050134 0.238058
1 0.00423373 -0.197113 2.76013
2653
-2.29552 -2.85199 41.3979
2
-1 -0.154757 -0.0339231 1.58739
1 -0.405561 -0.657471 8.40487
2658
3.26378 -0.453824 41.4317
2
1 0.165541 -0.0391739 3.35877
-1 0.153107 -0.00410354 0.686103
2677
-3.59188 1.11087 47.5625
2
1 -0.311064 0.0393094 4.31303
-1 -0.11192 0.0888369 1.26084
2697
-0.323505 0.0203833 0.208552
1
-1 0.048302 0.0270948 1.33836
2704
0.204191 0.162696 0.108579
2
-1 -0.0371723 -0.0204256 1.30828
1 -0.181847 0.104672 1.57739
2710
-0.0174102 1.56959 13.0793
2
1 -0.00250125 0.433436 1.90061
-1 -0.000345501 0.226167 3.38701
2715
1.95464 -2.0042 41.0173
3
1 0.138678 -0.208145 3.71036
-1 0.0913788 -0.0210224 1.13749
-1 -0.0862209 -0.0132497 0.934278
2716
2.90626 -2.30023 47.9541
2
1 0.294101 -0.346461 3.53568
-1 0.0429264 0.0762198 2.13195
2717
-0.615551 0.964471 14.0302
2
1 -0.0804486 0.175564 3.58658
-1 -0.102406 0.119728 0.765913
2729
-0.129974 -0.142888 0.163853
1
1 -0.106516 0.0649556 1.14581
2730
-0.162315 -0.0491149 -0.0225555
1
-1 -0.0118833 0.0420354 0.537547
2731
0.134238 -0.0716735 0.2615
1
1 -0.0120361 -0.0652698 0.927406
2733
-0.905041 -0.072959 18.6747
2
1 -0.0766046 0.0100839 2.01203
-1 -0.0511692 -0.0310342 0.657746
2740
-1.73909 -1.15412 35.6627
2
1 -0.125953 -0.175374 1.14825
-1 -0.127614 0.0127737 3.9705
2756
-0.592652 -2.48778 54.7127
2
-1 -0.0707446 0.0683797 2.97843
1 0.00324128 -0.35166 3.34367
2758
0.221079 1.10619 20.9984
2
-1 0.0867199 0.343582 3.85745
1 -0.040113 -0.0854226 1.06019
2762
0.299549 0.203467 9.363
2
1 0.0122269 0.0159113 0.2748
-1 0.0879279 0.0547588 3.07388
2799
-0.0366508 -0.00203903 30.8589
2
-1 -0.126531 0.157073 3.12392
1 0.128663 -0.165403 3.01768
2804
1.20365 1.50964 22.9025
2
1 0.317495 0.169165 2.77581
-1 -0.119383 0.0805815 1.10883
2806
-1.27854 -1.23996 19.0662
2
-1 -0.157785 0.026802 1.03432
1 -0.240774 -0.405975 4.87293
2812
-0.0869718 0.103368 -0.0128432
1
-1 0.0051995 -0.0529666 0.735698
2819
1.52145 0.24618 16.8407
2
-1 0.0937463 -0.141973 2.2505
1 0.337618 0.207817 2.4825
2834
-0.0450744 -0.141955 -0.12063
3
1 -0.00225489 0.042007 0.920438
-1 0.0102173 0.0240291 0.438176
-1 -0.0186687 0.0383108 0.924564
2870
0.848107 -0.269068 17.6804
2
-1 0.0543371 0.0866049 0.466548
1 0.11645 -0.123737 3.14605
2877
-1.29904 -0.740664 29.702
2
1 -0.110851 0.137665 1.338
-1 -0.078289 -0.252483 3.13059
2883
-2.58691 4.69624 61.5482
2
1 -0.0667217 0.237425 1.3903
-1 -0.255176 0.35075 6.35614
2886
5.08507 -0.904423 50.7784
2
1 0.503147 -0.0278671 4.20643
-1 -0.023226 -0.0563471 0.578314
2897
4.0953 1.46594 34.6216
2
-1 0.11899 0.0635631 0.651679
1 0.869356 0.285497 7.74766
2905
-0.107489 1.84042 23.6752
2
-1 -0.0747874 0.119451 0.867051
1 0.0635401 0.228498 3.51835
2908
-0.148053 1.15905 8.76315
2
1 -0.168952 0.767016 6.28923
-1 0.0522945 0.124977 0.647802
2922
1.09463 0.689893 18.7979
2
-1 0.066513 0.0990781 0.372264
1 0.106615 0.00755007 2.59963
2926
-0.00929391 -0.059056 -0.291197
3
-1 0.0232846 -0.0412935 1.03414
-1 0.0351832 0.0111249 1.2349
1 -0.0415662 -0.00144858 0.499555
2931
0.103269 -0.0671924 0.0500858
1
-1 0.0405105 0.0518259 1.31618
2933
0.249069 0.195946 4.72123
2
1 -0.0760281 0.018639 2.02711
-1 0.377283 0.219127 3.82024
2935
4.21027 -0.620192 74.6674
2
-1 0.0916118 -0.0402316 2.11492
1 0.404057 -0.0358803 6.71617
2948
-0.122344 -0.0367904 2.11581
2
1 -0.45927 -0.219196 6.18727
-1 0.0123874 -0.0991103 0.904801
2950
0.0131806 -0.158674 0.184956
1
1 0.00380431 -0.017663 0.404572
2968
0.40572 -0.308284 14.683
2
-1 0.0838231 -0.000640697 4.25677
1 0.0491377 -0.11743 0.702189
2975
-1.68514 -0.18361 19.8712
2
1 -0.108323 0.0720703 3.36672
-1 -0.351145 -0.134323 2.22893
2977
11.381 -2.64497 99.7461
2
-1 0.254812 -0.0917791 3.75621
1 0.326279 -0.0420634 1.35506
2985
-2.0082 -0.48999 21.5851
2
-1 -0.0147163 -0.0961529 1.97283
1 -0.626465 -0.0625342 4.92113
2989
-0.480366 0.897312 16.8802
2
1 -0.171816 0.157599 3.94831
-1 0.03996 0.0906668 1.06689
2995
-0.0555728 0.159958 4.67782
2
1 -0.0400096 -0.127828 2.53051
-1 -0.0435837 0.236978 1.51323
3014
-1.81613 1.37912 28.8587
2
-1 -0.124123 0.163877 0.868028
1 -0.15614 0.0474827 3.60817
3016
0.45054 -1.32696 19.8725
2
1 -0.0724262 -0.0664217 3.14108
-1 0.225647 -0.425131 4.04304
3035
2.12838 -2.25711 43.2308
2
-1 -0.019191 -0.267299 2.13316
1 0.280422 -0.00664627 3.16324
3042
-0.606177 2.73519 35.2219
2
-1 0.0608879 -0.0142207 1.00366
1 -0.162132 0.489054 5.13278
3046
0.31801 1.52259 18.3805
2
1 0.0371846 0.231148 3.92028
-1 0.0567857 0.141306 0.630574
3071
0.449748 -0.165128 4.61926
2
1 0.314514 -0.103886 3.87526
-1 0.157139 -0.0997965 0.835205
3085
0.0332378 -0.120453 0.0745011
1
1 -0.00403141 0.0201962 0.414323
3093
-2.23512 -7.70281 111.006
2
1 -0.0171148 0.0145335 2.66469
-1 -0.111122 -0.449693 3.61493
3099
0.125017 0.151362 0.0193159
1
-1 0.0499077 -0.0398056 0.840949
3110
-0.133791 -0.141031 -0.0256529
2
-1 -0.00505027 -0.0336643 0.894191
1 0.00730423 0.0575921 1.38096
3114
-2.2943 0.557196 28.3415
2
-1 -0.0873994 -0.115604 2.57153
1 -0.326403 0.212755 2.4683
3124
0.159723 -0.163448 0.111314
1
-1 -0.0452634 -0.0444657 1.10449
3128
2.00595 0.0134915 34.4206
2
1 0.269489 0.161503 4.63039
-1 0.0871197 -0.158069 1.42969
3134
-0.603437 -0.442043 12
2
1 -0.376312 -0.0519511 3.72259
-1 0.0569001 -0.156887 2.60308
3150
1.63553 -0.512779 43.6667
2
1 -0.0651694 -0.124309 1.58281
-1 0.29885 0.0530089 4.87477
3153
-0.299794 0.0521097 -0.16685
2
1 -0.0214479 -0.035641 1.26697
1 0.0958645 0.00269936 1.04011
3157
-0.34144 0.80177 13.9163
2
-1 0.0135969 0.119116 0.537639
1 -0.120848 0.131977 4.00883
3158
0.175648 -0.191896 22.8039
2
1 0.101727 0.0248164 3.01957
-1 -0.0764467 -0.0543169 0.417235
3162
0.026697 -1.54944 14.7497
2
1 0.0187851 -0.371474 3.44273
-1 -0.00692755 -0.113202 1.12539
3198
0.317933 -0.363863 6.33217
2
-1 -0.0143222 -0.155803 1.26636
1 0.440539 -0.275177 6.53524
3204
-0.355282 0.296959 15.5356
2
1 -0.203177 0.0991386 1.82935
-1 0.076487 0.0179921 4.44807
3212
0.981573 2.00966 44.0633
2
-1 0.0269805 0.126895 0.817742
1 0.116478 0.170315 5.68307
3219
-0.286307 0.0734009 0.182938
1
-1 -0.00230106 -0.0985657 1.07208
3220
0.0632922 0.110424 0.00053696
2
1 -0.0507237 0.0109858 0.703545
1 0.0428143 -0.060816 0.998756
3261
-0.335178 -0.85562 14.8889
2
-1 -0.14638 0.0276599 2.55684
1 0.0170594 -0.398011 3.84444
3262
2.4437 -0.432843 43.4123
2
1 0.408231 -0.0206902 3.59227
-1 -0.018137 -0.047922 3.329
3284
-0.965996 0.39923 9.42888
2
1 -0.431443 0.182176 4.5843
-1 -0.0642114 0.0254733 0.325162
3286
-0.0431481 -0.400021 9.37648
2
-1 -0.122048 -0.120689 4.56309
1 0.0819341 -0.10477 0.81754
3289
0.742858 3.62022 42.5676
2
-1 0.199628 0.462519 3.89938
1 -0.0962251 0.0230049 1.85984
3294
2.93207 0.191602 27.2164
2
-1 0.256789 0.0680964 1.05059
1 0.246933 -0.0372672 3.64524
3305
0.00855854 -0.0226898 0.177992
2
-1 -0.0187026 0.0123246 0.615351
1 -0.249406 0.0335046 1.91106
3314
0.181368 -0.746233 12.3816
2
1 0.168404 0.00786552 2.44041
-1 -0.100202 -0.263593 1.76567
3318
0.146463 -0.0169728 1.77367
2
1 0.34468 -0.0872444 2.22285
-1 -0.101721 0.02573 1.11712
3329
0.292676 -0.246781 7.89933
2
1 -0.120697 0.0355581 1.16449
-1 0.282487 -0.136606 2.50163
3352
0.142118 0.32136 4.3746
2
1 0.0506254 0.121282 0.492577
-1 0.0377728 0.171213 3.41991
3363
-0.515909 1.97471 47.9868
2
-1 -0.0809668 0.0504591 0.756525
1 0.0447977 0.0962633 2.74074
3364
0.878967 -1.48454 14.5137
2
1 0.156092 -0.195122 2.48491
-1 0.000495892 -0.071209 0.186438
3369
1.31764 -1.01595 13.3922
2
-1 0.0734041 -0.140696 1.07485
1 0.40011 -0.218616 3.7806
3370
0.0330658 -0.156212 7.09743
2
-1 -0.0555809 -0.254098 3.26841
1 0.0534675 0.132853 1.29391
3371
-0.0471992 -0.521567 -0.0447792
1
-1 -0.00171978 -0.0717032 1.16339
3391
0.541021 0.126736 9.73042
2
-1 -0.0980086 0.0694623 0.40075
1 0.216 -0.0320626 1.80391
3407
0.24756 -0.668473 14.4849
2
1 -0.110155 -0.0138721 2.90349
-1 0.21963 -0.292748 3.39437
3409
1.02507 1.39186 18.8998
2
1 0.13252 0.0766965 2.52525
-1 0.0296431 0.1404 0.416959
3411
0.577888 -0.00764941 6.32721
2
1 0.507792 0.0412308 4.93778
-1 0.0296573 -0.0239758 1.27136
3414
0.0399528 -1.4627 95.8022
2
-1 -0.0705445 0.0266876 0.656241
1 0.0715205 -0.125265 6.0232
3446
0.185962 0.0347423 0.151906
2
-1 -0.0647776 -0.0973771 1.34729
-1 -0.0309866 -0.0358809 1.13472
3460
-0.0359853 0.649447 6.68812
2
-1 -0.00777277 0.250392 3.90915
1 0.0180712 0.195276 0.764886
3487
0.526224 0.232766 6.06989
2
1 0.230073 -0.121499 1.74446
-1 0.24895 0.282824 3.46817
3488
-0.00225427 0.99231 11.3482
2
1 0.0660396 0.336238 3.75451
-1 -0.078227 0.102351 1.02557
3496
-0.061201 0.112635 0.172544
1
-1 0.0916933 0.0994064 1.57925
3505
1.56314 0.0276731 13.104
2
1 -0.0107411 0.033105 1.20042
-1 0.62722 -0.0381779 4.04594
3513
-0.173486 0.261435 3.24202
2
1 -0.294884 0.119018 1.71227
-1 0.131574 0.12885 1.31175
3530
0.944355 -1.15739 13.8886
2
1 0.376426 -0.164961 2.84031
-1 -0.0548167 -0.24207 1.90463
3532
-0.255847 -0.305027 9.83134
2
1 0.119224 -0.172007 1.731
-1 -0.21696 0.0657509 1.91651
3543
-1.55863 -2.00314 51.7589
2
-1 0.0375107 -0.0715938 1.1677
1 -0.206083 -0.143331 4.32245
3562
-0.365101 -0.0904817 2.78314
2
1 -0.493879 -0.289667 5.35813
-1 -0.112177 -0.00244185 0.487506
3585
0.102729 0.18057 -0.11805
2
1 -0.0833772 -0.0516469 0.935086
1 -0.0605922 -0.0387009 1.28299
3587
1.38864 -1.51807 29.0367
2
-1 0.277731 -0.0134298 2.42059
1 0.0125888 -0.312397 3.66921
3594
-0.135141 -0.0172651 2.03029
2
1 0.00573129 0.119794 0.834451
-1 -0.28547 -0.19334 2.98782
3596
-0.189534 -0.946365 13.8546
2
-1 0.153907 -0.19838 3.27842
1 -0.212514 -0.143483 1.80452
3601
-0.451144 -0.436316 6.96951
2
-1 -0.270182 -0.109734 2.25242
1 0.0946801 -0.0440377 0.45525
3629
-0.153581 -0.117199 0.016372
1
1 0.0160166 0.00811829 0.601376
3634
-0.285663 1.13741 13.1058
2
-1 0.0188253 -0.0107055 0.229017
1 -0.103015 0.318505 3.13354
3656
0.156467 -0.048813 2.16508
2
-1 0.094128 0.0338008 0.37612
1 0.263115 0.0333526 4.02218
3661
-2.12554 -1.21434 73.3104
2
-1 -0.130981 -0.269346 6.53411
1 -0.125724 0.1206 2.37153
3668
-0.556447 1.37366 20.6263
2
1 -0.172452 -0.0124307 2.31541
-1 0.0305698 0.367776 2.79052
3680
0.506453 -0.68614 40.1606
2
1 0.233645 -0.00603952 2.82766
-1 -0.141592 -0.109528 4.16118
3693
0.0260448 -0.045173 0.191035
2
-1 0.0743385 -0.0200498 0.814069
-1 0.0574767 0.0202153 0.700709
3753
1.0258 0.530143 15.5577
2
-1 0.21498 -0.103197 2.80742
1 0.0891023 0.259155 1.84516
3794
0.772358 2.20009 106.119
2
-1 0.204838 -0.0270973 3.56988
1 -0.156276 0.161458 2.97581
3797
-0.903555 0.128859 11.4026
2
1 -0.088888 0.0954121 0.498658
-1 -0.203163 -0.0671276 3.12324
3804
-3.5993 -0.0994774 59.3028
3
1 -0.413472 0.0130172 7.19762
-1 -0.0540379 -0.0226723 0.520977
-1 -0.0107896 -0.0873122 1.04104
3805
-1.97146 -0.371931 23.4744
2
1 -0.448935 -0.04827 5.15674
-1 -0.122748 -0.0563812 1.62931
3817
-0.0356667 0.0563221 -0.235061
3
-1 0.0222056 -0.040752 0.948092
1 -0.0533664 -0.0748124 0.939125
-1 0.0037327 0.0455063 1.24154
3862
-1.44079 -1.75745 17.8638
2
1 -0.25457 -0.333356 1.79812
-1 -0.161569 -0.198138 3.53517
3869
-0.0670879 0.189001 -0.000609191
1
-1 -0.0539245 0.0157795 1.32007
3879
-0.994198 0.7652 16.724
2
1 -0.437774 0.331524 6.99107
-1 -0.0345969 0.00353998 0.483611
3887
0.0250554 -0.0138601 0.107913
2
1 -0.0328008 -0.215366 3.7012
-1 0.243503 -0.0208371 1.71186
3897
-0.34673 0.337317 10.232
2
-1 -0.113561 0.220435 1.21159
1 0.00911335 -0.114779 2.06414
3899
-3.11885 0.667261 39.9245
2
-1 -0.0419448 0.0937857 0.542887
1 -0.357663 -0.00909487 4.65078
3903
-0.0913781 0.307071 5.54363
2
-1 -0.0109934 -0.0766074 0.653063
1 -0.134074 0.324038 3.5088
3911
0.519446 4.4593 59.3534
2
1 0.100793 0.440615 3.73888
-1 -0.0565566 -0.0505691 1.51594
3931
1.44372 -1.94931 26.4037
2
1 -0.0306484 -0.0554107 2.20133
-1 0.202525 -0.175476 0.955994
3943
-5.64183 1.7077 56.7654
2
1 -0.408349 0.194749 4.23089
-1 -0.0506386 -0.0549394 0.398058
3950
-0.114007 0.0554328 0.299229
2
-1 0.0510431 -0.0399253 1.3091
-1 0.0358026 -0.00315031 0.342886
3978
-0.00365061 0.0602498 0.0730847
1
1 -0.0297523 0.000113146 0.566388
3987
1.9122 1.31895 22.4941
2
-1 -0.00652597 0.0504202 0.29272
1 0.361215 0.184701 3.80077
4042
0.230752 0.11983 0.116251
1
-1 -0.0117347 -0.00315055 0.403424
4072
-0.461643 0.620571 35.2623
2
1 -0.09999 0.119917 3.70925
-1 0.0507641 -0.0489745 0.395798
4075
0.162023 -0.0886345 -0.219328
3
-1 0.140197 0.053607 1.36034
1 0.045241 0.158689 1.76101
1 0.0127851 0.111431 1.20579
4076
-0.256443 1.22733 26.0895
2
1 -0.118925 0.30485 2.59913
-1 0.0438642 0.00623737 3.86444
4089
-0.124192 -0.118087 2.62248
3
-1 -0.0876104 0.0588444 0.725495
1 -0.0864299 -0.176272 4.63852
-1 -0.00769838 -0.0464103 0.58742
4125
0.168464 0.115357 0.180976
1
-1 -0.00464791 0.00574564 0.963007
4139
1.13751 -0.736026 12.9429
2
-1 0.000508757 0.0893697 0.397629
1 0.228906 -0.235213 2.12869
4140
0.410609 0.199639 6.95326
2
1 0.311174 0.212032 5.22268
-1 0.0175163 -0.0247767 0.389746
4173
-0.0320595 -0.0156266 0.032434
1
1 -0.0417173 0.0140553 0.771302
4177
0.382575 0.541411 9.13519
2
-1 0.0674751 0.075858 3.91339
1 0.18188 0.257603 1.78455
4179
0.229446 0.13667 0.0289069
1
1 0.0431941 -0.0121082 0.96685
4194
0.0960851 0.0467955 0.00156411
1
-1 0.047024 0.0928665 1.5409
4206
-2.85937 -0.212536 25.018
2
1 -0.39005 0.126687 2.0581
-1 -0.0873299 -0.143934 2.14303
4212
-0.154805 0.0693875 -0.103635
1
-1 -0.102868 0.0848076 1.31755
4219
-0.223876 -0.0978783 5.19713
2
-1 -0.377043 -0.0997474 5.99693
1 0.0433746 -0.0260722 0.83562
4222
0.219051 -0.0667061 -0.0520939
1
1 -0.0358273 0.0201061 0.814418
4229
0.120324 -0.177332 0.0251223
1
-1 0.0275522 -0.000854405 1.58209
4232
-5.47311 1.26304 78.3892
2
1 0.0471974 -0.0268311 1.95196
-1 -0.435524 0.116659 3.62657
4265
-0.309359 0.67692 6.77309
2
1 -0.121502 0.25671 1.12892
-1 -0.0997333 0.263961 3.89156
4267
0.427142 -0.0919709 20.1223
2
-1 -0.0209606 -0.035356 0.844105
1 0.0861045 0.0251465 2.72217
4272
-0.0870255 -0.0378688 -0.130457
2
-1 -0.0100105 0.0349407 0.607229
1 -0.0129755 -0.0132842 1.4046
4273
-0.077311 0.0289895 -0.0918558
2
-1 0.0828764 0.106282 1.4948
1 -0.0263344 -0.061113 0.559664
4277
0.0234066 -0.00130263 0.557147
2
-1 -0.208678 -0.0816785 1.98791
1 0.168022 0.0871052 1.71315
4280
0.129495 0.0378705 -0.0368949
3
1 0.0726516 -0.00235289 0.7833
1 -0.0734 0.0548172 1.03072
-1 -0.0703547 0.0269918 0.914322
4286
1.42403 -1.28094 40.2486
2
-1 -0.133026 0.0508982 1.2235
1 0.246364 -0.148625 1.89269
4297
-0.136407 0.0244832 -0.175494
1
-1 -0.0124788 0.104097 1.23248
4321
0.46662 -1.24091 11.8146
2
1 -0.0475274 -0.302391 3.42155
-1 0.280906 -0.310084 2.24068
4328
-0.210247 0.0521038 -0.0564083
1
-1 0.0648869 0.0127083 1.4175
4388
1.44365 -4.85775 41.4217
2
1 0.10142 -0.294504 3.36267
-1 0.0353812 -0.151311 0.480636
4392
-0.19879 0.0901291 0.149051
2
1 -0.0231212 0.000767561 1.10283
1 0.104698 -0.0968506 1.7183
4414
2.48819 0.944457 38.621
2
1 0.342023 0.0169209 4.41693
-1 -0.0052827 0.100838 0.806919
4415
0.00159113 -0.0534339 -0.158241
2
-1 -0.0362228 0.0457038 1.17608
1 -0.0315317 -0.0483805 1.1026
4416
0.127738 0.939822 13.1535
2
1 0.0764291 0.232076 4.20268
-1 -0.0384465 0.0875686 0.410295
4425
-0.00523779 -0.0279447 -0.0833795
1
1 0.0147782 0.00178818 0.889289
4432
1.21317 -0.576006 30.0507
2
1 0.0853149 -0.0949992 4.31623
-1 0.123496 0.00984736 0.6599
4435
-1.47324 -0.724203 14.7992
2
1 -0.114529 -0.271669 2.00222
-1 -0.404433 0.0304811 3.18122
4459
0.310745 1.41802 13.9357
2
-1 -0.00129374 0.107466 1.30235
1 0.126314 0.474637 4.17268
4467
-1.13347 -7.67448 70.9215
2
1 -0.187336 -0.328426 4.41352
-1 0.0803089 -0.411269 2.3692
4479
-0.0623729 -0.125496 1.761
2
1 0.050401 0.000862934 0.797697
-1 -0.311295 -0.458719 4.10473
4483
-0.27742 -0.181859 15.5245
2
1 -0.242744 -0.00554666 3.07989
-1 0.154888 -0.0420467 1.43207
4494
-1.06262 -0.962205 15.22
2
-1 -0.0449477 0.0480739 0.318243
1 -0.219977 -0.269963 3.29677
4501
0.179275 -3.28257 38.9419
2
1 0.0495749 -0.415957 6.00182
-1 -0.0141199 -0.206949 1.34221
4502
1.42921 -2.31781 27.4073
2
-1 -0.0461231 -0.0834959 0.322783
1 0.18899 -0.156095 2.47375
4512
-2.22986 -0.807213 35.5707
2
1 -0.150231 -0.245556 1.8479
-1 -0.099741 0.151991 2.14374
4517
0.231822 -0.67194 7.32351
2
-1 -0.0608859 -0.282551 1.30639
1 0.179418 -0.0777561 2.58181
4527
-0.149619 -0.0508192 -0.109163
1
1 0.07347 -0.0522505 0.978613
4535
2.55142 0.859348 31.1754
2
-1 -0.0579754 0.133771 1.53868
1 0.341161 -0.0413214 2.01295
4542
0.104621 0.132441 7.09059
3
-1 0.0449066 -0.0236391 0.389118
1 0.0664013 0.116787 4.93727
1 0.0217247 0.0298609 0.9824
4566
2.68572 -3.75105 59.5789
2
1 -0.0800139 -0.0264583 1.81372
-1 0.340325 -0.343467 4.07169
4570
2.98566 2.44975 28.4611
2
-1 0.100774 0.019082 1.08753
1 0.416899 0.414019 3.92713
4593
3.97714 1.98809 72.3329
2
-1 0.0806721 0.0956361 0.551226
1 0.168547 0.030584 3.97863
4594
-1.07899 1.47216 20.3362
2
-1 -0.258639 0.169525 1.36072
1 0.0874029 0.0619453 1.94706
4599
-1.07377 -0.667375 27.5823
2
1 0.122801 -0.035186 1.24761
-1 -0.307956 -0.0737589 3.20643
4601
0.0563282 0.0551083 -0.014485
2
-1 -0.384453 0.313524 3.39311
1 -0.0219455 -0.0604959 1.84644
4632
-1.02794 -0.654549 16.8149
2
-1 -0.209774 -0.093737 1.38432
1 -0.261394 -0.215711 6.36622
4642
3.97255 -2.86059 71.3776
2
1 0.231215 -0.268865 5.2403
-1 0.0906761 0.0332041 0.583949
4650
-0.0912041 -0.311945 0.156498
1
1 -0.0468917 -0.0200729 1.26701
4675
0.700597 1.06563 16.2095
2
-1 0.29084 0.339894 3.11841
1 0.023288 0.121625 3.95736
4683
-0.454064 -0.310178 5.65367
2
-1 -0.38772 -0.337472 6.02922
1 -0.145452 0.00935294 0.889928
4712
0.207201 -0.125088 -0.180667
1
1 0.121631 0.0163702 1.12738
4713
-8.08036 -5.12034 136.575
2
-1 -0.176257 -0.0865551 1.9137
1 -0.330224 -0.232483 6.66345
4725
0.538604 0.69622 18.6518
2
1 -0.0414027 0.225836 3.13737
-1 0.166805 -0.0749829 1.25109
4728
-6.90417 -3.14679 77.4482
2
1 -0.175856 -0.281544 3.78724
-1 -0.4474 -0.00376539 3.22028
4744
1.84636 1.15527 24.0839
2
1 0.270282 -0.0630241 2.39382
-1 0.247398 0.375042 4.16195
4745
-0.551367 0.777537 20.9898
2
1 -0.256655 0.0122381 2.70225
-1 0.115877 0.182309 2.88407
4774
2.04525 -3.41096 39.5419
2
1 0.124689 -0.358451 3.46725
-1 0.11081 -0.0277743 0.917687
4777
-0.125286 -0.296095 8.45652
2
-1 0.00290195 -0.176916 3.02724
1 -0.0424864 0.0745912 0.451979
4778
0.121921 0.363141 3.65431
2
-1 0.265665 0.15362 1.57705
1 -0.115938 0.194632 2.15261
4799
0.207118 -0.325548 6.18967
2
1 0.153296 -0.163271 1.07614
-1 -0.0137087 -0.0818705 3.4909
4802
0.494043 0.552624 9.46603
2
-1 0.0125461 -0.0733125 0.443617
1 0.149263 0.244388 2.4097
4812
-0.190908 -0.89294 26.8795
2
1 -0.216586 -0.127887 2.45738
-1 0.172502 -0.0893185 3.45499
4824
0.0808099 0.141007 13.1467
2
-1 -0.069041 0.194793 2.63747
1 0.0759952 -0.155078 1.17638
4834
-3.29682 3.70722 67.2432
2
-1 -0.0736838 0.342658 2.64219
1 -0.188378 -0.0536168 2.63582
4845
3.66798 0.145588 77.6796
2
1 0.123116 0.0239252 4.42885
-1 0.111113 -0.0164083 0.535057
4853
0.487574 1.81004 31.4289
2
-1 0.0904999 -0.0914852 0.982964
1 -0.0318411 0.313528 2.87077
4896
0.00109619 -0.0116315 0.00853512
1
-1 -0.0518605 0.0160839 1.11787
4907
-0.176656 0.401434 4.03629
2
-1 -0.0853864 0.129564 0.547682
1 -0.166378 0.245618 3.7496
4908
0.534347 0.461575 5.68023
2
1 0.0876071 0.19244 0.963897
-1 0.483255 0.377142 5.63196
4921
4.40363 -1.43446 71.951
2
1 0.132074 -0.0675268 3.74249
-1 0.133129 -0.0164377 0.568708
4928
-3.23202 0.096888 62.0856
2
1 -0.280927 0.161225 2.83419
-1 -0.012008 -0.152922 2.80424
4932
-0.175723 -0.427729 6.89083
2
1 -0.124179 -0.108527 4.3477
-1 -0.069606 -0.293648 1.76174
4933
0.238865 1.3781 14.7643
2
1 -0.00633035 0.422563 4.26737
-1 0.0741725 0.0138761 0.4245
4936
-0.407404 1.63757 57.6741
2
1 0.0613965 0.174277 4.56921
-1 -0.0972885 -0.0165625 0.848753
4947
-3.31566 1.54354 29.1356
2
1 -0.294838 0.278425 2.05479
-1 -0.49873 0.0850217 4.88159
4958
0.00510754 0.456509 6.12105
2
1 -0.154736 0.13145 0.551915
-1 0.144491 0.0312152 1.47892
4960
-6.64119 0.873398 57.6669
2
1 0.016808 -0.0320416 0.789802
-1 -0.589542 0.111575 4.18895
4984
0.373786 -0.499719 18.5248
2
1 -0.162754 0.00695249 1.16185
-1 0.236374 -0.089844 2.18669
4986
-0.208599 0.0673043 -0.0863532
1
1 0.00249902 -0.0543859 0.949255
5015
0.164515 -0.720901 12.6389
2
-1 -0.132822 -0.117072 0.85852
1 0.180191 -0.0841546 2.77882
5028
-3.42347 -0.045277 39.5352
2
-1 -0.0402436 -0.0971059 2.51078
1 -0.311662 0.0979245 1.60841
5035
-2.39239 -3.48973 40.7109
2
1 -0.194251 -0.465049 4.77299
-1 -0.126641 -0.0151127 0.715851
5062
2.99602 -2.26467 45.4912
2
1 0.285344 -0.242802 2.28035
-1 0.15718 -0.0836856 4.49149
5063
-0.0384777 0.152135 0.0734591
1
-1 -0.0882065 0.0416087 0.971017
5077
-0.981616 -1.16416 18.2308
2
-1 -0.0480111 -0.136269 1.37612
1 -0.28234 -0.252817 4.57837
5084
1.7101 0.436902 37.7935
2
-1 0.116109 0.063856 0.660238
1 0.0940371 -0.0127084 4.07558
5102
-2.9468 -2.3073 32.7277
2
1 -0.39527 -0.242731 3.6547
-1 -0.035799 -0.0921604 1.07097
5129
-9.40147 -2.67431 86.3332
2
1 -0.222057 -0.07612 3.71781
-1 -0.356061 -0.0862712 1.62756
5133
3.56973 -1.1584 37.5961
2
1 0.513362 -0.238475 5.02007
-1 0.0266479 0.0639779 0.678483
5141
0.993105 -0.295541 32.4238
2
-1 -0.0053383 0.126318 1.03615
1 0.160843 -0.171262 4.28321
5145
-0.134786 -0.0332559 -0.107272
1
-1 -0.0111454 -0.00550743 1.28427
5153
-0.0279276 -0.141958 -0.0325224
1
-1 0.04304 -0.0329469 1.22914
5178
-0.281394 -0.0481173 0.208417
1
1 -0.0457312 0.0242087 0.667963
5179
-0.132705 -0.94863 16.2625
2
1 -0.00626542 -0.330898 4.53947
-1 -0.0126819 0.042794 0.587853
5188
-0.292865 4.10585 55.2913
2
-1 0.0474025 -0.0012762 2.21464
1 -0.0894057 0.581195 5.63474
5194
1.79294 -1.12044 42.1863
2
1 0.150626 -0.0260197 3.48421
-1 0.0389991 -0.095638 0.993111
5209
0.484199 2.0072 33.9714
2
1 -0.0249986 0.282367 1.3855
-1 0.066514 -0.11703 1.44982
5219
-0.296732 0.100407 -0.053959
1
-1 0.0339571 0.00177844 0.442387
5226
0.0993538 -0.199294 0.0475506
2
1 0.0487735 0.0365711 1.12077
-1 -0.0735447 -0.0720315 1.25757
5261
1.95595 1.97736 50.5438
2
1 0.117369 0.0998444 4.719
-1 0.0968203 0.118452 0.804658
5264
-0.0972425 -0.129235 -0.291127
3
1 0.0245963 -0.12572 1.02131
-1 -0.0242022 -0.0217315 1.03487
1 0.00520004 -0.0402746 0.819153
5266
0.325515 0.0859152 7.94787
2
1 0.0160219 -0.161847 1.62092
-1 0.210544 0.217243 3.02484
5285
0.0226413 -0.203921 4.77787
2
1 0.0996611 -0.00747569 1.64403
-1 -0.0836688 -0.0622146 0.28647
5293
0.0511556 -0.489541 20.7245
2
-1 -0.00824758 0.0846811 0.524383
1 0.0211856 -0.182316 3.35345
5340
0.0534046 0.0135462 2.71134
2
-1 -0.0237059 0.00431958 0.530755
1 0.0409757 0.0159294 1.57321
5350
-3.26595 4.07996 41.9557
2
1 -0.156322 0.0318366 0.597528
-1 -0.154443 0.354471 3.40078
5354
0.104927 -0.569869 6.37924
2
-1 0.0952053 -0.397338 3.25742
1 -0.0206436 0.0376606 0.460135
5375
0.0275221 -0.148687 0.00286591
1
1 0.0143083 -0.0579613 1.02446
5409
-1.15522 -0.315865 30.1188
2
1 -0.211252 0.0281723 3.76755
-1 0.0383366 -0.085913 0.663564
5410
-3.87286 -0.952459 129.928
2
-1 0.021314 0.000880998 1.48727
1 -0.218578 -0.0463668 5.17257
5411
0.906626 1.04518 26.3012
2
1 0.0890388 -0.060332 0.984685
-1 0.138443 0.319878 5.39177
5413
-1.83232 1.07337 23.7346
2
-1 -0.138008 -0.0288661 0.99737
1 -0.278996 0.262799 4.36273
5425
8.72433 -0.528982 101.279
2
1 0.446861 -0.152642 4.83845
-1 0.0607886 0.123875 1.09035
5436
2.47913 -0.904275 40.5453
2
-1 0.186423 -0.0925767 1.00507
1 0.128638 -0.0259328 4.09671
5438
-0.276376 0.146502 3.74164
2
-1 -0.0518375 -0.0231694 1.27462
1 -0.454657 0.223448 4.89209
5444
-0.769471 -2.6285 69.4392
2
1 -0.114537 -0.171159 4.55143
-1 0.0579262 -0.0169944 0.53325
5458
0.0268722 0.299321 7.89164
2
1 -0.139896 -0.0448394 2.33789
-1 0.163236 0.22493 2.14053
5459
-0.0308208 0.0929984 -0.218378
1
-1 0.0208721 -0.0634797 1.2523
5473
-0.0807931 -0.0150859 0.0658097
1
-1 -0.0421014 -0.0658307 0.983465
5480
0.00495055 0.00079071 0.0546494
1
1 -0.0130698 0.00685116 0.570532
5489
0.110074 -0.0492751 0.250682
1
1 -0.0174999 -0.0765672 1.0958
5496
-0.121587 0.0416847 0.105227
1
-1 -0.0783246 -0.00225984 1.1616
5501
9.10044 -9.49558 119.722
2
-1 0.127428 0.0115857 0.771944
1 0.262489 -0.421457 4.39146
5544
0.0262034 -0.228202 0.189781
1
-1 -0.0905073 0.00933184 0.960888
5545
-3.03554 0.740631 37.1358
2
1 -0.174458 0.118853 3.8312
-1 -0.207684 -0.0193541 0.909523
5552
0.916812 0.491562 15.4755
2
-1 0.0034404 0.0560747 1.01341
1 0.238924 0.0975449 3.36335
5555
0.366077 -0.943748 25.645
2
-1 -0.0185204 -0.120253 1.8131
1 0.128021 -0.18251 6.40245
5563
0.0825254 -0.0104513 0.0318113
1
1 -0.0435603 -0.0280416 0.629035
5575
-2.84245 -4.18599 57.0899
2
-1 -0.0615131 0.022919 1.18017
1 -0.32209 -0.600779 6.78025
5579
-2.15081 1.07712 31.1205
2
1 -0.391974 0.211687 6.89707
-1 -0.178533 0.0752933 1.18413
5587
0.984833 -1.74313 74.1051
2
1 0.0695483 -0.167621 4.02045
-1 -0.0113628 0.0609828 0.398689
5605
-0.881235 1.32332 31.1984
2
-1 0.0858501 0.238192 2.68929
1 -0.225099 -0.0303765 2.19799
5608
-1.54449 -1.12031 24.3535
2
1 0.0483671 -0.178189 1.38213
-1 -0.172863 0.0902234 0.557782
5614
5.73974 10.3805 163.041
2
1 0.220065 0.466027 6.07062
-1 0.0522018 0.0262643 1.63464
5622
0.00780246 0.01644 2.25096
2
1 -0.111218 0.111165 1.47723
-1 0.0832876 -0.17799 4.38986
5635
-0.567852 0.58553 17.0182
2
-1 -0.0294605 0.175256 0.926756
1 -0.139286 -0.0117828 3.73752
5659
-5.46434 -2.1791 127.371
2
1 -0.369204 -0.112211 6.37483
-1 0.0559264 -0.0131045 0.969828
5676
-0.112053 -0.0946197 0.2668
1
-1 0.0174984 0.0404781 0.930062
5679
-0.861268 -0.85161 23.4083
2
-1 0.0671681 -0.158263 0.549562
1 -0.149755 0.0764142 1.72113
5690
0.211643 0.125138 4.07635
2
-1 -0.0525964 0.13621 1.36628
1 0.345433 0.0318917 4.72207
5699
-1.18266 0.00144294 12.4308
2
1 -0.594494 0.108817 5.33997
-1 -0.0495823 -0.117968 1.27796
5724
-0.0124832 -0.193236 1.45134
2
-1 0.107042 -0.316704 2.19093
1 -0.197194 -0.0682079 2.63119
5739
4.43544 1.80065 110.238
2
-1 0.0233334 -0.00193802 1.24802
1 0.186648 0.0858647 3.93217
5776
-2.10298 0.908953 33.546
2
1 -0.248702 0.163322 4.71531
-1 -0.12948 -0.00623401 1.38624
5786
0.0184603 -0.062604 -0.0155289
2
1 -0.0163429 -0.0585795 0.660355
-1 -0.0248097 -0.0149297 0.505446
5803
-0.508419 1.2451 20.5584
2
1 -0.150163 0.294262 4.93156
-1 -0.0166512 0.0710429 1.57418
5806
-0.0928016 -0.124644 -0.00990802
1
1 -0.123011 -0.0546452 1.24658
5813
-0.318073 0.869521 9.42793
2
1 -0.279226 0.449786 5.0535
-1 0.0671864 0.0995697 0.834709
5817
-0.246713 -0.228673 7.46105
2
1 -0.152946 -0.00989139 0.752874
-1 0.00577493 -0.111082 3.60988
5854
-0.183651 -2.09193 36.8526
2
-1 -0.0157107 -0.0114093 1.22175
1 -0.0171854 -0.296298 4.11239
5860
1.25882 0.603877 14.3349
2
-1 0.364176 0.263369 2.92743
1 -0.00937318 -0.0857068 1.21776
5877
4.65896 3.78155 76.155
2
1 0.105059 0.109398 2.93234
-1 0.118878 0.0760188 0.770932
5883
0.312948 -0.868719 11.9378
2
-1 0.111328 -0.331885 1.89794
1 -0.0150032 0.0376602 2.18353
5884
0.238558 -1.28521 11.5268
2
1 0.0400216 -0.508018 3.7157
-1 0.0351833 0.0320767 0.529867
5895
0.0868713 -0.21426 0.0583462
1
-1 -0.0352264 0.0407072 0.885264
5897
8.09343 -2.34483 102.811
2
-1 0.264627 -0.00428871 4.97063
1 0.263026 -0.151052 1.7295
5898
-0.663818 0.181754 8.34509
2
-1 -0.178951 0.142261 2.85989
1 -0.100879 -0.0783959 0.469484
5904
0.136976 -0.413178 9.27229
2
1 -0.127499 0.0832283 1.34167
-1 0.16529 -0.220351 1.66396
5930
-0.021743 -0.0485634 0.0917849
2
-1 -0.0283742 0.0572018 0.470374
1 -0.198239 0.228983 4.81257
5934
1.05013 1.85216 55.6604
2
-1 -0.0258477 0.0633978 0.628406
1 0.137157 0.142372 5.60586
5958
0.0181916 -0.0229868 0.156815
1
-1 0.0555459 -0.0723139 1.06774
6003
-0.00606238 0.150934 1.76713
2
1 -0.150979 0.364567 3.2049
-1 0.114721 0.0291387 2.90557
6017
-0.092305 -0.0811619 0.639628
2
1 -0.366969 -0.358988 4.09098
-1 -0.131731 0.0270041 0.902859
6039
0.253543 -0.183655 0.0676431
1
1 0.00874615 0.0278605 0.690715
6040
-1.30569 -1.64283 79.8675
2
-1 0.0889822 -0.108441 4.15903
1 -0.183819 -0.00191645 1.34539
6051
4.59877 4.04243 67.2027
2
1 0.572916 0.367344 6.01597
-1 -0.0248635 0.117482 2.13514
6059
-0.509066 1.02767 14.3182
2
-1 -0.217695 0.260892 1.82777
1 0.109345 -0.0334627 1.35576
6062
-0.213928 1.77475 79.4832
2
1 -0.182588 0.103196 4.49536
-1 0.165255 0.0330247 1.62234
6067
-2.22475 0.53038 32.3807
2
-1 -0.216525 -0.157307 2.88786
1 -0.1624 0.247922 2.59682
6074
-0.00112979 0.0666659 0.013079
1
1 0.0159552 0.0514871 1.16667
6089
1.68026 1.98797 24.6446
2
-1 0.118708 0.105738 1.10797
1 0.194758 0.275135 3.61159
6093
0.416508 -0.620012 16.0712
2
-1 -0.00270445 -0.229864 1.03359
1 0.0740568 0.121134 1.88671
6108
0.625064 -1.20619 13.3395
2
-1 0.053679 -0.0955911 0.421718
1 0.175729 -0.350832 4.59079
6114
-0.273617 0.00326345 2.49733
2
1 -0.189446 -0.20117 1.96373
-1 -0.31175 0.202013 2.57819
6124
0.52 0.354414 7.66804
2
-1 -0.0770556 0.0860381 1.84003
1 0.407713 0.154632 3.54184
6127
1.07543 0.679917 17.0298
2
1 0.171565 0.105743 2.99961
-1 0.0865472 0.0476185 0.969765
6136
0.640736 -0.486461 11.4159
2
-1 -0.0938343 0.00659701 1.07718
1 0.340316 -0.188425 3.27489
6154
-0.115455 -0.766635 9.13001
2
1 0.00809882 -0.26669 3.00469
-1 -0.0379389 0.0049227 0.220164
6155
0.293749 0.493764 5.43982
2
1 0.209936 0.378942 4.54794
-1 0.0815094 0.176891 1.38525
6175
0.111052 0.121709 0.0658322
2
-1 -0.0288843 -0.174994 1.55642
-1 -0.00335363 -0.0322174 0.604588
6204
0.531313 0.650858 9.9795
2
-1 0.10641 0.271444 1.27155
1 0.0694131 -0.0530103 2.20805
6206
-0.0158836 0.109415 1.67194
2
1 0.172159 0.0943056 2.59191
-1 -0.199948 0.166202 1.68631
6207
-0.0476314 0.0209003 1.78307
2
-1 -0.261722 0.0576379 3.47977
1 0.152626 0.0218411 1.75383
6225
1.22117 -0.0553385 37.0279
2
1 0.234595 -0.00405687 1.14488
-1 -0.125476 -0.000961399 2.00718
6229
-0.0841132 -0.0829902 -0.043958
1
-1 0.0859927 -0.124961 1.34468
6234
-0.551022 -0.0841895 10.8158
2
1 -0.0225375 -0.204834 1.14562
-1 -0.0810762 0.197265 0.879722
6253
-1.02286 2.72698 42.6806
3
-1 -0.141685 -0.0515655 0.635394
1 0.0770725 0.227584 2.1522
1 0.0243119 0.100058 1.00673
6269
-0.118826 0.0609847 0.0125106
1
1 0.0156075 -0.00590222 0.312861
6281
-0.0464272 0.304278 -0.194509
2
1 -0.0322291 -0.0279337 0.511566
-1 -0.0134189 0.00254511 0.690616
6288
0.181419 0.0989052 -0.33295
2
-1 0.0142606 0.0122949 0.758932
1 -0.00374673 -0.0290823 0.577448
6291
1.0378 0.694214 12.8048
2
1 0.0948161 0.208228 2.708
-1 0.197487 -0.0445257 0.776176
6311
0.780187 -0.61797 8.3321
2
1 0.32517 -0.194755 3.69708
-1 0.037495 -0.0867556 0.325723
6315
-0.927197 -0.243709 24.0624
2
-1 0.0373862 0.12356 1.75126
1 -0.271342 -0.187963 4.40933
6324
0.237738 -0.110983 -0.0524456
2
-1 0.045747 -0.0217659 0.680109
1 -0.110021 0.0387121 0.957903
6333
0.103536 -0.096539 -0.110546
1
-1 -0.0682601 -0.00693729 1.76647
6336
-0.243976 0.285917 12.9102
2
1 0.0883645 0.148292 3.64667
-1 -0.178278 -0.0284579 1.24161
6346
-0.043876 -1.40668 14.7485
2
-1 0.00533881 0.0341313 0.688954
1 -0.0291328 -0.484297 4.0138
6352
0.0354958 0.0112098 9.83936
2
1 -0.0220069 -0.0962864 1.92707
-1 0.0260039 0.0975316 0.347375
6385
-1.43034 3.03897 24.4923
2
-1 0.0377828 0.0604417 0.178505
1 -0.150517 0.177559 1.76869
6393
-0.542006 -1.13203 17.7608
2
-1 0.050508 0.00455335 0.354416
1 -0.164633 -0.217772 2.98563
6405
-0.0160436 0.160733 6.89916
2
-1 -0.01381 0.121192 0.792018
1 -0.0209996 0.0953273 5.63451
6439
-1.12508 -0.708578 13.8655
2
-1 -0.0739295 -0.125092 1.47941
1 -0.449065 -0.233439 5.06581
6448
-0.337723 1.34618 25.0505
2
-1 -0.00802842 0.129229 0.961894
1 -0.0643337 0.109192 3.60777
6470
0.0318756 -0.181224 0.0829783
2
1 -0.0666386 -0.0890241 1.69969
-1 0.0136972 0.0467789 1.5638
6475
0.0378977 -0.0218379 0.172452
1
1 -0.0470212 0.0941325 1.13138
6481
-0.239299 -0.101459 -0.153553
3
-1 0.0596859 0.0876811 1.36551
1 -0.00169558 0.0212369 1.0932
-1 0.0899064 0.0037014 0.782604
6482
-1.98555 2.95041 53.1341
2
1 -0.0230911 0.179092 3.25435
-1 -0.121953 0.0395427 0.727859
6486
0.0176489 0.148215 0.126598
2
1 0.059405 -0.0034528 0.976964
1 0.0265139 0.0192403 1.23786
6494
0.293555 0.193787 -0.127921
2
1 0.040426 0.018757 0.525684
-1 0.0422498 0.0109207 1.06248
6495
0.00912686 0.117536 0.974824
2
-1 0.0665978 -0.107059 1.03084
1 0.0627721 0.343951 1.77108
6505
2.45387 0.525195 40.0476
2
-1 -0.0533847 0.0575276 0.698619
1 0.345073 0.00897763 4.10104
6515
-2.65524 4.2095 50.5486
2
-1 -0.221354 0.597553 6.36315
1 -0.188601 0.0520879 1.40771
6527
2.50308 -1.56225 35.0029
2
-1 0.00848553 -0.236919 2.26995
1 0.289294 0.0540907 1.96194
6540
-0.0712307 0.091446 0.359737
2
1 0.0869412 0.199731 3.17034
-1 -0.0441723 -0.0333356 0.81375
6572
-0.083121 -0.0356455 0.0894575
1
1 -0.0202189 -0.0188064 0.490466
6586
0.361188 0.537759 38.1059
2
1 -0.0843593 -0.0451536 0.823174
-1 0.121443 0.125886 4.88171
6598
1.91582 1.72909 24.2441
2
-1 0.353899 0.380239 3.00415
1 0.105233 0.0302855 2.85225
6611
-0.997095 -2.20783 44.6168
2
1 -0.0364848 -0.130995 0.685646
-1 -0.0800044 -0.125222 4.42826
6628
-0.0724626 0.0460857 0.104371
1
1 0.111435 0.007574 1.17758
6630
-0.00964087 -0.132149 -0.206405
1
-1 0.0918762 0.152856 1.54972
6635
-0.0357045 0.100741 1.18611
2
-1 0.0179298 0.0177456 0.446117
1 -0.29239 0.538853 3.84202
6649
-3.27975 0.0989082 38.7294
2
1 -0.0801637 0.170211 2.06024
-1 -0.424368 -0.158112 3.86951
6658
-0.0929758 0.214366 0.0645948
1
-1 0.0390273 0.0732275 1.18667
6662
0.0728828 0.735899 13.0239
2
1 0.0790067 0.272617 1.94527
-1 -0.0446873 0.117939 4.92537
6663
-1.12547 0.665915 9.35016
2
-1 -0.424247 0.431144 3.84392
1 -0.240273 -0.0669691 1.70195
6667
-0.232538 -0.630116 8.02192
2
-1 0.11753 -0.0938116 2.47192
1 -0.247036 -0.270457 2.34563
6670
0.231109 -0.720604 8.07154
2
-1 -0.0933031 -0.316888 2.18097
1 0.265979 -0.185141 3.29875
6673
0.7457 0.257065 40.995
2
1 0.0241333 -0.0318412 3.85939
-1 0.0575908 0.0641925 0.409443
6692
-3.4929 -0.542272 39.3547
2
1 -0.45685 -0.0150916 5.98451
-1 -0.193038 -0.074298 1.29001
6709
0.0857297 0.113527 -0.0448867
1
1 0.0300436 -0.0860335 0.762797
6730
0.289643 0.810892 10.2952
2
1 0.166447 0.326917 3.69516
-1 -0.0580181 0.0302399 0.913785
6738
-0.82493 0.248166 19.4581
2
1 -0.131553 -0.15857 2.60118
-1 -0.0451088 0.217298 1.55229
6741
-4.83899 2.77588 62.2013
2
1 -0.177148 0.314088 3.66703
-1 -0.238601 -0.0775844 1.73444
6746
0.022366 -0.0158252 0.508347
2
-1 0.0340636 -0.310833 4.91826
1 -0.0158692 0.0807869 0.956223
6747
-0.160219 0.309567 0.321432
2
-1 0.111262 0.02168 1.1487
-1 0.00239252 -0.0542954 1.19666
6768
-0.132867 0.077653 3.45064
2
-1 0.0271461 -0.0701415 0.81485
1 -0.185535 0.158352 4.12691
6770
-0.282338 0.574832 6.70551
2
1 -0.0581829 -0.0674727 1.07511
-1 -0.12042 0.451356 3.23255
6783
1.25308 0.200791 13.6503
2
1 0.25775 -0.099806 1.53197
-1 0.248013 0.19513 4.06563
6792
-2.35844 -3.03843 48.1859
2
-1 -0.190626 -0.277638 2.03137
1 0.0526921 0.0979233 0.763017
6805
-8.14224 -1.2058 88.131
2
-1 -0.0611031 0.0467788 0.500783
1 -0.537812 -0.138289 5.91986
6806
-3.3796 -4.87485 92.3203
2
-1 0.0516919 -0.101197 0.991278
1 -0.316311 -0.271785 6.15677
6807
-0.355074 -0.0438609 4.44906
2
1 0.0596307 0.0188709 0.850665
-1 -0.444744 -0.103026 3.54003
6808
-3.73088 2.63956 40.9225
2
-1 -0.189748 0.0458071 1.08093
1 -0.342074 0.333143 4.74879
6810
-0.0532829 0.0207763 4.20302
2
-1 -0.181642 -0.12572 2.13095
1 0.121399 0.147449 1.5044
6818
0.0536674 0.0541976 0.0525722
1
-1 0.04831 0.165409 1.91134
6827
3.78133 0.046181 53.5439
2
-1 0.42317 -0.125598 4.39381
1 0.00149888 0.129814 1.64132
6832
0.167689 0.0296262 -0.00193126
1
1 -0.0689363 -0.0520256 1.65348
6842
-0.414034 -0.868915 9.65748
2
1 -0.269435 -0.446907 4.82811
-1 0.034915 -0.0856703 1.23152
6849
-0.0860936 -0.0167527 1.20915
2
1 -0.00153882 -0.244087 2.46049
-1 -0.244528 0.0883788 2.79758
6851
5.10553e-05 0.0602356 3.67453
2
-1 -0.0638245 -0.135071 2.53928
1 0.0310651 0.170814 0.860164
6852
-0.0203415 0.0242018 0.651654
2
1 0.0265893 0.314454 1.73339
-1 0.0398848 0.134978 4.09947
6863
0.0574184 -0.0626122 0.0649145
1
-1 0.0284221 0.0939926 1.60489
6876
-0.128781 0.0822841 2.4838
2
-1 0.00507507 0.120813 0.992406
1 -0.473817 0.0873759 5.16848
6882
-1.57396 1.26749 33.4874
2
-1 -0.0713033 -0.0293694 1.29276
1 -0.220837 0.262151 4.82784
6885
0.0369283 -0.0362727 0.108919
2
1 0.0875227 -0.0150207 0.867195
1 0.0146503 0.102193 1.3427
6888
-0.0887558 -0.811083 14.3429
2
1 0.0461779 -0.211293 4.29116
-1 -0.0535181 -0.050344 0.37218
6899
5.89994 5.50683 95.4808
2
-1 0.0171957 -0.00644545 2.35224
1 0.406266 0.402013 4.53344
6901
0.213332 0.25845 0.180062
1
-1 0.00156207 0.0116318 0.554987
6903
0.420415 -0.0580477 4.53806
2
1 0.40826 -0.0446867 3.91805
-1 0.11673 0.0016993 1.27352
6916
-2.11286 1.42084 34.389
2
-1 -0.0270189 -0.0503177 1.01792
1 -0.332851 0.299451 4.92743
6928
0.835608 1.14852 26.7375
2
-1 0.0158453 0.122258 0.543734
1 0.085967 0.0156821 2.89473
6937
-5.55745 3.93277 61.308
2
-1 -0.646645 0.326974 5.62011
1 0.0101737 0.125004 1.36437
6942
2.58044 0.794424 40.3399
2
1 0.205744 -0.119403 3.51467
-1 0.153572 0.232274 1.9491
6943
4.11599 0.666605 57.0626
2
1 0.332213 -0.140413 3.44171
-1 0.0784515 0.20695 2.30068
6948
6.96618 -0.372737 58.8956
2
-1 0.167465 -0.0330119 0.758701
1 0.712885 -0.0176698 6.74345
6956
2.17941 4.51483 32.1979
2
-1 0.0661756 0.138254 1.13946
1 0.245498 0.510881 3.50794
6961
-1.5755 8.59058 80.0801
2
1 0.00792148 0.3207 2.7336
-1 -0.0666023 -0.00244379 0.251329
6966
0.623975 0.203056 13.1665
2
-1 -0.0492143 -0.0453415 2.44391
1 0.41025 0.136858 4.53428
6967
0.0403252 -0.0365533 1.47572
2
-1 -0.0216628 -0.0901426 3.8606
1 0.121843 -0.0974336 0.772492
6968
1.39278 2.25533 41.4474
2
1 0.0199093 -0.0697347 0.357424
-1 0.0746185 0.225479 2.54459
6972
0.0923729 -0.0184367 -0.0146607
4
1 0.0195011 0.0293956 0.977149
-1 0.0478614 -0.115424 1.00984
1 0.0744045 0.0622315 0.869126
1 -0.0324545 -0.0145628 0.783334
6995
0.1062 -0.182009 0.270364
1
-1 0.0356017 0.107187 1.21592
7000
-1.20395 -0.789666 28.9186
2
1 -0.216305 -0.254383 3.9736
-1 0.0118551 0.105693 1.06342
7024
-1.89763 1.40697 24.2884
3
1 -0.00245068 0.0337346 0.450109
-1 -0.383263 0.260857 4.56508
1 -0.127783 -0.00496944 1.79735
7054
-0.507579 -0.496022 6.98606
2
1 -0.183578 -0.310483 3.06781
-1 -0.0828688 0.0372404 0.708984
7063
0.0476879 0.0347759 0.897896
2
1 0.326044 0.196942 4.72685
-1 0.108241 -0.0218509 0.49284
7070
5.02422 -2.99623 115.635
2
-1 0.237327 0.0611768 3.17165
1 -0.0472427 -0.173615 1.21664
7079
0.0799344 -0.106637 0.10302
1
-1 -0.0783862 0.0373436 0.861336
7106
1.0895 -1.68111 19.8293
2
-1 0.316344 -0.118957 3.16783
1 0.00378312 -0.369058 2.61287
7111
0.873335 -2.10946 76.3747
2
1 -0.00618373 -0.207686 0.666494
-1 0.0283311 0.152605 1.34181
7126
-1.97059 3.17895 36.0452
2
-1 -0.132038 0.212307 2.99767
1 -0.0558961 0.0779606 0.328349
7138
0.0700668 -2.04321 19.3296
2
1 0.135698 -0.283369 2.83439
-1 -0.11981 -0.0806543 0.562452
7140
0.195807 -0.151627 9.85262
2
-1 0.152745 -0.181375 2.75455
1 -0.0996395 0.132166 1.40605
7158
0.102543 0.158491 5.91614
2
1 0.246742 0.0385802 2.52714
-1 -0.168087 0.0699264 1.97658
7161
-0.102426 -0.0199335 -0.10884
1
-1 0.0237841 -0.0654714 0.862127
7165
0.104466 -0.220713 2.44915
2
1 0.0515673 -0.351416 3.84627
-1 0.0912815 -0.0163559 0.983348
7183
2.94656 3.62665 64.6668
2
1 0.156342 0.21278 5.05146
-1 0.115961 0.121257 0.842267
7193
0.56058 0.756393 18.1592
2
-1 -0.0135618 0.0643311 0.312528
1 0.138666 0.106081 3.77769
7194
1.13292 -2.09312 18.3662
2
-1 -0.0505529 -0.0302118 0.378901
1 0.301799 -0.433358 3.68272
7202
0.85241 0.0527582 12.4188
2
1 0.180238 0.214938 2.19505
-1 0.0759571 -0.189345 1.75476
7212
-0.34508 -1.42441 23.228
2
1 -0.210219 -0.230138 2.00157
-1 0.143243 -0.0276939 2.11267
7223
-0.150376 0.093721 16.6895
2
1 -0.0845225 -0.183712 1.12388
-1 0.0636929 0.191038 1.60045
7232
-0.112911 -0.0365679 -0.196023
2
-1 -0.0530326 -0.0438903 0.844086
1 0.0221044 0.0107748 0.238328
7239
1.37611 2.22481 25.92
2
1 0.176761 0.229219 1.13076
-1 0.0471004 0.116889 2.95874
7242
-2.20179 1.16905 62.9392
2
1 -0.252174 0.123013 1.904
-1 0.107606 -0.0449828 2.24684
7258
-0.0596313 0.0621507 0.757762
2
-1 -0.244762 0.153993 1.50904
1 0.129334 0.155898 2.24942
7263
0.638855 0.563625 14.1716
3
1 0.187848 -0.0268199 1.61324
-1 0.258195 0.369623 6.79446
-1 -0.0206852 0.102349 1.28672
7273
4.22441 1.9752 39.4691
2
-1 0.211635 0.306378 2.23894
1 0.446235 0.00585039 3.91809
7283
7.10917 -2.95908 57.6511
3
1 0.773623 -0.330263 5.55462
-1 0.0171042 0.00464574 0.822985
-1 -0.0508804 -0.0151103 0.609317
7289
0.00718594 -0.0210299 -0.127648
1
1 0.0222877 0.118241 1.24035
7325
0.0333188 -0.0569416 -0.0295138
1
1 0.0154048 0.00475061 0.951773
7326
0.457131 0.493065 11.9984
2
1 0.230501 0.188668 6.17442
-1 0.0745173 0.103072 0.815335
7358
-0.78583 3.2558 31.1128
2
-1 -0.0280914 0.00302635 0.630358
1 -0.162473 0.783166 6.74681
7367
2.82492 1.60903 34.3103
2
1 0.436921 0.199341 3.78196
-1 -0.0617821 0.0192322 0.833495
7373
0.0109971 -0.137893 -0.0312292
3
1 -0.0220693 -0.117957 0.899875
1 -0.0438557 -0.0628017 0.827155
1 -0.0146574 -0.0789977 1.0117
7392
-0.788425 4.18737 46.8306
2
1 -0.0503102 0.429594 4.11621
-1 -0.0424016 0.0587928 1.23282
7396
-0.969288 -3.1043 59.2883
2
-1 -0.191944 -0.0344412 1.62599
1 0.0901507 -0.276376 4.38984
7410
0.371632 0.513641 11.1127
2
-1 -0.0472694 0.216603 2.64764
1 0.160278 -0.0622363 0.897559
7413
0.555313 -1.88709 22.5375
2
-1 0.283202 -0.261264 3.27096
1 -0.13204 -0.26866 3.08775
7415
-0.259827 0.0556702 8.32401
2
1 -0.199798 0.0450263 3.45811
-1 0.0530969 -0.0274752 0.864214
7421
0.168358 -0.972945 10.6067
2
1 0.238453 -0.229666 3.3646
-1 -0.146107 -0.253475 1.95525
7426
2.13149 0.719826 42.8313
2
1 0.337145 0.0848268 4.7817
-1 -0.0458858 0.0138449 1.033
7430
-0.335499 -0.146327 13.6511
2
-1 -0.163873 -0.117942 4.96897
1 0.00880715 0.0402378 0.546414
7431
-0.0558672 0.00900124 0.101005
3
-1 -0.19456 -0.0224485 1.52814
-1 0.119475 0.0362957 1.24309
1 0.00178173 0.0927217 1.18964
7445
-0.204959 -0.858652 19.3484
2
1 -0.114666 -0.243079 3.87289
-1 0.0654983 0.035211 0.744026
7477
0.131555 -0.117107 15.7194
2
-1 -0.117739 -0.0705851 0.693551
1 0.156144 0.0420412 2.85276
7504
-1.81079 1.1276 42.2885
2
1 0.0521465 0.0173539 3.17214
-1 -0.268885 0.117496 1.94829
7534
0.974433 0.00959922 14.1988
2
1 0.335992 0.0379454 2.37334
-1 -0.105009 -0.0545926 1.15455
7561
0.965399 0.157793 19.4387
2
-1 0.143528 -0.0203582 1.02309
1 0.141276 0.061504 4.62638
7564
-0.509144 1.8542 25.9634
2
1 -0.148947 -0.00671891 2.48092
-1 0.0434735 0.364723 2.58983
7568
0.215085 -0.160618 2.90501
2
-1 0.123614 -0.123636 0.818395
1 0.415728 -0.169834 5.29881
7573
-0.227636 0.0256464 5.33098
2
-1 -0.00639144 -0.20874 1.49845
1 -0.0871556 0.195348 1.55439
7575
0.678039 0.256674 11.4593
2
-1 -0.0306271 -0.0297916 0.742946
1 0.370492 0.186209 5.17985
7580
0.394304 0.745605 11.5046
2
-1 -0.107528 0.19766 1.87851
1 0.198723 -0.0222123 0.89105
7585
0.925656 -0.131528 11.8095
2
-1 0.451928 -0.0637436 3.45367
1 -0.0580219 0.0159022 1.56853
7601
-2.35285 -0.965549 22.0224
2
-1 -0.16174 -0.115206 0.927699
1 -0.410487 -0.112112 4.43686
7615
0.126834 -0.157247 3.25195
2
1 -0.134033 -0.0185974 0.919753
-1 0.227976 -0.16334 3.03346
7618
-0.257787 -0.0542476 -0.0949621
1
-1 -0.065789 -0.103764 1.17427
7619
0.271444 -0.0283759 0.0718382
1
1 -0.00811568 0.0682941 1.17126
7644
4.89835 -4.28354 118.27
2
1 0.39638 -0.216948 5.75521
-1 -0.0846474 -0.056604 1.75163
7666
-0.190838 -0.138438 0.342287
1
-1 -0.0092856 0.0596549 0.663706
7677
0.000643834 -0.0048044 0.143342
1
1 0.0449075 0.00515816 1.79588
7678
-0.0486669 0.472518 28.2196
2
-1 0.165858 0.0287245 1.11554
1 -0.171461 0.0457822 3.20693
7684
2.61199 2.72853 54.4183
2
1 0.0961116 0.231006 1.06832
-1 0.0725661 -0.0553051 2.4476
7687
-0.00335202 0.005747 0.6389
2
-1 -0.137317 0.0700171 3.59579
1 0.125306 0.0815301 0.844772
7690
-0.0428534 -0.223862 -0.180208
1
1 0.093819 0.0240741 1.17749
7698
-0.370882 -1.21659 50.0367
2
-1 0.0731707 0.0644978 0.717258
1 -0.103416 -0.177432 3.9968
7717
0.237375 -0.245676 -0.336278
1
1 0.0409329 -0.0837 0.915812
7719
-6.03159 4.53656 115.16
2
-1 -0.0243061 0.0497198 3.22652
1 -0.199906 0.121346 1.05713
7720
-0.0457203 -0.0514969 -0.0579647
1
1 0.0290757 0.0327228 1.0692
7721
0.0387058 -0.0461636 -0.235389
1
1 0.056537 -0.0471455 1.37724
7726
-0.483442 -1.8296 58.3767
2
1 -0.0511949 -0.301889 4.04377
-1 0.00494009 0.122262 1.50955
7733
0.0980432 -0.600276 5.74128
2
1 -0.0119757 -0.496513 4.23846
-1 0.0991711 -0.0692143 1.0137
7776
5.52043 -8.86749 120.801
2
-1 -0.0451465 -0.028057 1.25711
1 0.390273 -0.534628 6.43131
7789
-0.205281 -0.205534 1.98457
2
-1 -0.0242546 -0.0724775 1.85144
1 -0.131658 -0.0797677 0.331243
7798
-1.16572 3.03578 42.6374
2
1 -0.0483005 0.117395 1.92057
-1 -0.0217808 0.064094 0.640621
7807
0.16661 -0.107918 9.12862
2
-1 0.256774 -0.022134 3.03494
1 -0.158883 -0.0344225 2.80508
7810
0.242593 0.022496 0.209273
1
-1 -0.104218 -0.0453781 0.935478
7819
-1.51611 -1.49518 34.52
2
-1 -0.0453964 -0.0686144 0.632653
1 -0.253932 -0.220479 6.06637
7821
-0.149506 -0.291812 5.96085
2
-1 -0.00644867 -0.13386 1.00952
1 -0.092667 -0.112757 3.96301
7827
0.183047 0.599538 8.64619
2
-1 -0.132285 0.275039 3.022
1 0.198661 0.0290742 1.61913
7839
-0.044499 0.0353453 6.74999
2
-1 -0.217364 0.0890838 2.80907
1 0.184474 0.0358773 3.35074
7849
-1.48152 -7.29461 112.712
2
-1 -0.0779712 -0.130088 0.895338
1 0.0113917 -0.202432 4.2669
7872
0.253309 0.611938 8.79383
2
-1 0.205351 0.181407 2.73882
1 -0.12417 0.0644457 0.666912
7879
0.373964 0.235021 14.7666
2
1 0.0322678 -0.0372954 0.740834
-1 0.177361 0.144561 6.88941
7885
-0.24505 -0.0228576 3.31489
2
-1 -0.357121 -0.222981 2.97472
1 -0.111793 0.137684 2.53609
7892
0.0912644 -0.0842323 -0.12781
1
-1 0.0262655 0.0116251 0.877827
7895
-0.864394 0.667128 17.2284
2
1 -0.28009 -0.0581866 2.92515
-1 -0.0374447 0.270624 3.33518
7924
-1.41351 0.19508 13.0171
2
-1 -0.0269989 -0.0915551 0.48536
1 -0.345083 0.121725 3.08036
7926
-0.621982 -0.233169 13.7511
2
-1 -0.0768997 0.0592266 0.272161
1 -0.0279118 -0.0860283 2.03645
7930
-3.51386 2.38279 45.0252
2
-1 -0.346694 0.016665 3.39187
1 -0.0297182 0.230558 1.37863
7945
-0.107674 0.10742 -0.0677275
2
1 -0.0410577 0.0111067 0.987842
1 -0.0134707 0.0779803 0.968934
7962
-3.79031 3.14811 38.4725
2
1 -0.41797 0.319241 3.95289
-1 -0.09362 0.112555 1.26272
7971
-0.0012844 -0.113808 -0.275708
2
-1 0.047227 -0.0559609 1.32938
1 0.0455577 0.00561158 0.680482
7974
0.0489865 -0.236745 -0.0714618
1
1 0.000504856 0.0256354 0.511587
7988
-0.0183466 0.0552621 0.195808
2
1 0.0702458 0.0155688 1.23982
1 -0.0249003 -0.0351845 0.64097
8011
-0.453759 0.780104 11.1725
2
1 -0.118102 0.185178 3.02782
-1 -0.0563903 0.0906134 0.975788
8022
0.014571 -0.0390521 0.70046
2
-1 0.0107589 0.0953133 0.502767
1 -0.00537337 -0.0601499 2.01097
8024
-0.344625 -0.809731 15.339
2
1 0.0345903 -0.201884 2.64655
-1 -0.0885995 0.0312863 0.534619
8036
-3.03087 3.02144 67.1032
2
1 -0.203787 0.296318 5.94011
-1 -0.142443 0.0492075 1.65305
8051
-0.726065 0.779622 10.5604
2
-1 -0.0514419 -0.0926195 1.19043
1 -0.209837 0.37626 2.63878
8065
1.8183 7.22057 111.044
2
-1 0.0805982 0.124274 1.27195
1 0.0157132 0.257867 4.58161
8088
0.0180339 -0.16063 4.76152
2
-1 0.0825621 0.10281 3.46741
1 0.0110466 -0.303001 3.48922
8090
-1.0008 0.436585 12.1322
2
-1 -0.0933962 -0.0506371 0.288769
1 -0.101564 0.141493 2.19353
8094
0.222886 -0.0841953 0.0845791
2
1 -0.0579571 -0.0266097 0.834811
-1 0.003087 0.0209481 0.51241
8100
0.233923 0.412398 13.8104
2
1 0.0798678 0.0936958 5.4777
-1 0.0523818 0.111527 1.53466
8107
-0.740535 1.32912 17.1138
2
1 -0.163854 0.00922921 1.00238
-1 -0.0529211 0.390847 4.14869
8122
-0.112392 0.230022 3.69074
2
1 -0.102601 0.294849 1.85668
-1 0.032351 -0.123222 1.08703
8128
0.107391 -0.245661 -0.134261
1
1 -0.0361265 0.0510548 0.569844
8129
-0.180357 0.153651 -0.0937981
2
1 0.00230883 0.12704 1.00752
1 -0.0184187 -0.0529895 1.10195
8139
-0.00966844 0.238228 -0.125035
1
-1 0.0443745 -0.0583059 1.27093
8145
0.0316431 0.0723751 0.711074
2
1 -0.0733823 0.0211778 3.23152
-1 0.225248 0.299196 3.14407
8150
2.6374 1.19289 45.0452
2
-1 -0.050309 0.0825854 2.66064
1 0.392171 0.0804528 3.22606
8190
3.44472 -5.19876 59.5979
2
-1 0.103293 -0.284222 1.51784
1 0.29904 -0.317401 5.41073
8194
-0.0184007 -0.0374905 1.96136
2
1 -0.0205876 -0.120125 0.956272
-1 -0.0201735 -0.0162564 5.90474
8195
-0.0153625 -0.024049 0.158831
2
1 -0.0753595 -0.105182 2.30531
-1 -0.111841 -0.0913269 0.462977
8201
0.690685 -0.0782169 17.9647
2
1 0.127057 0.0124984 3.31788
-1 0.0449473 -0.039967 1.05809
8214
1.56631 1.25512 77.2613
2
-1 0.157863 0.168241 1.7642
1 -0.0492211 -0.0837003 3.68486
8225
0.660516 4.02725 37.9781
2
-1 0.262175 0.60338 5.58393
1 -0.124997 0.166284 1.70915
8227
-0.0300056 -0.0379377 1.62503
2
1 0.153425 0.0758859 2.11527
-1 -0.16626 -0.172872 3.8702
8236
-0.0171539 0.0279317 0.733548
2
1 0.0278577 0.0465253 3.33206
-1 -0.0328014 -0.0750828 0.354041
8242
0.847043 0.00203286 10.3607
2
1 0.369234 0.105433 2.44342
-1 0.219623 -0.0862064 4.60308
8245
1.88301 0.227035 17.8569
2
1 0.181868 0.167571 0.803264
-1 0.0951904 -0.124919 1.85918
8247
0.127609 0.158997 4.47348
2
-1 0.0524461 -0.00756688 0.374245
1 0.0772659 0.181015 4.7644
8276
-0.0249127 -0.0193889 1.2504
2
1 -0.178275 0.114276 1.65076
-1 0.130607 -0.106198 0.706803
8280
-0.167016 -0.669174 13.1814
2
-1 0.0741411 -0.0557429 0.612315
1 -0.0997291 -0.086762 2.33781
8309
-0.0538552 -0.158588 0.179638
2
1 0.0220789 -0.0137375 0.545195
1 -0.0626932 0.0566159 1.11409
8322
-0.137216 -0.0949945 1.29312
2
1 -0.287516 0.0947919 1.56285
-1 -0.32459 -0.143134 4.5051
8326
-0.159257 -0.0530425 0.0213923
1
1 0.13887 -0.102953 1.77
8341
-0.0892152 0.49114 5.51612
2
1 -0.0906263 0.415619 5.3102
-1 0.0201868 0.202968 1.34523
8345
1.78489 -0.779168 42.162
2
-1 0.236302 0.116136 3.9289
1 0.038813 -0.229898 2.45271
8357
-0.234852 0.0243905 -0.0656833
2
-1 -0.0698268 0.0305649 1.32204
1 -0.0394495 0.0287629 0.707805
8358
-0.0433242 -0.0529302 0.0566018
1
-1 -0.0745152 -0.0139441 1.16052
8359
0.0911014 1.03671 10.7038
2
-1 -0.0710916 0.149519 0.994699
1 0.110423 0.367699 4.54004
8366
-0.23 -0.30856 3.09753
2
-1 0.0057247 -0.119191 0.478794
1 -0.302057 -0.194024 3.65788
8369
-0.157155 0.00211025 0.120855
1
-1 0.0674025 0.00382994 0.895347
8373
0.363819 -1.06616 11.2641
2
-1 -0.112561 -0.201029 2.15636
1 0.339959 -0.441531 4.46313
8381
-0.191045 0.34198 4.74755
2
1 -0.145152 0.127929 1.65336
-1 0.0629522 0.0341487 0.45692
8384
0.112481 0.117275 2.22347
2
1 0.304154 0.284686 3.89638
-1 -0.126353 0.107778 2.27417
8385
3.37584 -3.55387 39.8488
2
-1 0.00416853 0.0139537 0.220523
1 0.270551 -0.306367 3.08435
8390
-1.56595 0.151881 15.5652
2
-1 -0.198716 0.0673392 2.63408
1 -0.0998176 -0.0324969 0.319135
8405
-2.40603 1.90044 36.5961
2
1 -0.24416 0.172829 3.68446
-1 -0.0101611 0.0263459 0.241354
8432
-1.1435 -1.11628 23.4021
2
-1 0.132797 -0.102367 0.725526
1 -0.251138 0.00281991 1.60017
8437
0.0101848 0.0915768 0.601458
2
-1 0.110528 -0.00392597 0.604416
1 0.0773328 0.332853 3.92318
8459
0.606791 0.805421 9.46491
2
-1 0.128148 0.0581849 0.64299
1 0.066192 0.230765 2.6661
8467
0.271063 0.0607101 2.14302
2
1 0.475798 0.264689 3.74613
-1 0.0728289 -0.102468 0.887793
8475
4.76124 2.05042 55.6836
2
1 0.272862 0.102913 1.08362
-1 0.0110441 0.0195182 2.20996
8478
0.0247217 -0.886083 13.8907
2
-1 -0.197888 -0.147948 2.36729
1 0.198728 -0.114103 1.52006
8487
-0.67764 2.59345 62.9469
2
-1 -0.104985 -0.114098 1.36641
1 0.0675008 0.270147 2.5047
8491
0.69987 -0.840736 12.4681
2
1 0.267845 -0.262182 4.14892
-1 0.0299253 -0.116926 1.27188
8492
0.115447 -0.244872 2.78089
2
1 0.117076 -0.31406 5.46682
-1 0.0305504 -0.0574142 0.531579
8502
0.292562 -0.0776362 -0.0491351
1
1 0.0712196 -0.026153 1.45636
8525
10.6976 20.7667 206.595
2
1 0.362045 0.740426 6.98129
-1 0.0260101 0.0148192 0.529013
8531
-0.151316 -0.200624 -0.0199393
1
-1 -0.0342303 0.0964538 1.01088
8548
-0.273876 -0.122386 4.55508
2
1 -0.00643358 -0.017725 3.32727
-1 -0.236851 -0.1068 1.38115
8554
0.021341 0.0041884 -0.0248753
1
1 0.00595624 -0.0402234 0.366483
8555
-0.53446 0.315701 6.31663
2
-1 0.0203974 0.0592376 0.293426
1 -0.338953 0.111949 3.25838
8565
1.46748 -1.06629 19.2307
2
-1 -0.0483447 -0.0887718 1.44602
1 0.514328 -0.250509 4.60162
8583
-2.09018 0.580641 19.4008
2
1 -0.609438 0.195596 6.68307
-1 -0.20417 0.031923 1.00262
8588
-0.378733 1.90528 22.3882
2
-1 -0.0529253 0.13682 0.58775
1 -0.014763 0.268202 4.08291
8589
0.0628891 -0.115592 -0.126826
2
1 -0.0643745 0.00176818 1.00771
1 -0.0783906 0.00552785 0.857075
8591
0.0580605 0.0138181 9.23001
2
-1 -0.0214777 0.190879 1.81522
1 0.0874423 -0.182187 3.30457
8595
0.0162548 0.030147 -0.00187225
3
1 0.00682733 -0.0240788 0.216692
-1 0.0396018 -0.0351592 0.73489
-1 0.0175295 -0.0206461 0.974947
8604
1.76141 4.50908 41.1308
2
1 0.157862 0.421134 3.13739
-1 -0.0144248 -0.0388573 0.364182
8610
0.189998 -0.0642782 4.06364
2
-1 0.197031 0.119876 2.26267
1 0.0541992 -0.265195 2.1765
8614
0.0846029 0.1143 0.05112
1
1 0.0679372 0.0905049 1.24995
8631
0.00242624 0.305241 18.0592
2
1 0.0258599 -0.0955479 0.683105
-1 -0.0122841 0.184397 3.86139
8676
-0.0934804 -1.38239 18.8369
2
1 -0.0592734 -0.226119 4.4034
-1 0.0286727 -0.132065 0.60513
8677
-0.0412663 -0.204778 -0.0992736
2
-1 0.0274448 -0.110039 1.80963
1 -0.0216872 0.0276857 0.495633
8686
-0.130341 -0.0869605 4.13972
2
-1 -0.0104043 0.0855205 0.575639
1 -0.121578 -0.171344 2.93925
8688
-0.0852028 0.187232 -0.0922356
2
1 0.0180442 0.0131507 1.10742
1 0.040016 0.0121748 0.430201
8696
0.000595835 -0.0296697 1.58041
2
-1 0.0687572 -0.0103383 0.581235
1 -0.114842 -0.0305448 5.7675
8713
0.18624 -0.0646223 0.0198678
1
-1 -0.0638391 -0.00335243 1.15185
8720
0.304316 -0.0289502 0.014292
1
-1 0.00738824 -0.0111524 0.721892
8721
0.100635 0.0496636 0.0977948
3
1 -0.0332915 0.013031 0.83745
-1 0.0126164 -0.102733 1.02113
1 0.070064 -0.0427503 1.07335
8738
4.43447 0.487796 52.2763
2
-1 0.0147608 -0.118172 0.680393
1 0.306039 0.155057 3.07745
8762
1.6371 0.414097 18.488
2
-1 0.162275 -0.045222 0.928003
1 0.362752 0.157458 4.84911
8775
1.08618 5.39625 48.7666
2
1 0.0896916 0.546054 4.32441
-1 0.0335938 0.0589308 1.20994
8783
-0.107197 -0.167249 4.18934
3
-1 -0.029912 0.0218414 0.204281
1 -0.014299 -0.125335 2.17686
1 0.0221258 0.00505318 0.838992
8785
0.543078 0.00738457 6.71689
2
1 -0.0624705 0.0357446 0.59138
-1 0.377535 -0.027591 3.11237
8786
-0.123202 -1.31214 20.895
2
-1 -0.130084 0.0118573 1.27312
1 0.107166 -0.369031 4.2657
8795
-1.36454 0.137604 14.2566
2
-1 -0.00524842 0.120883 1.88134
1 -0.470224 -0.0546593 3.2141
8810
-0.00522546 0.0247638 0.0330517
2
-1 0.097742 -0.135647 1.00513
1 0.228086 -0.130809 4.27458
8815
0.575503 1.38533 16.625
2
1 0.0980716 0.31477 4.64811
-1 0.0823257 0.171149 1.0903
8816
1.71378 -4.10552 44.4566
2
1 0.166232 -0.31622 3.39705
-1 0.0150226 -0.0938294 1.0926
8840
1.12868 -0.823499 16.4403
2
-1 0.111962 -0.0373055 0.294487
1 0.0695177 -0.0870799 2.2606
8844
-4.86722 3.03027 83.0621
2
-1 0.0518288 0.136201 2.0495
1 -0.441757 0.108921 4.62919
8851
-0.218605 -0.347932 0.0152667
1
1 -0.0625143 -0.0805447 1.33575
8871
-0.310881 0.275988 7.19394
2
1 -0.182408 0.0412585 3.22616
-1 0.00335917 0.103502 0.407093
8900
-0.258865 -0.0579582 0.18104
2
-1 0.141283 -0.0259506 1.80561
-1 -0.0186171 0.0105388 0.824035
8926
1.72242 0.912354 55.2084
2
-1 -0.000705993 0.105611 0.60022
1 0.142443 -0.0287447 3.97569
8946
-0.0610523 0.0411997 2.16912
2
1 -0.121931 0.0915425 5.55005
-1 -0.124917 0.0433202 0.843457
8964
-0.118093 -0.0681206 0.290071
1
1 -0.0124207 -0.0573321 0.868091
8968
0.00463735 -0.0479466 0.171403
3
-1 0.0290122 -0.0882673 1.53541
-1 -0.0142445 0.0979145 1.04499
1 -0.0275052 0.0350301 0.826526
8991
-0.180843 0.131622 27.8267
2
1 -0.068646 -0.0434226 3.53275
-1 0.048687 0.0642428 0.382111
8993
-0.808512 -2.25391 24.5004
2
1 -0.17347 -0.512861 4.64481
-1 -0.000591389 0.0325102 0.673381
9025
0.41969 0.856791 12.5529
2
-1 0.1298 0.0144901 3.12755
1 0.0299083 0.301676 1.68225
9036
0.155798 -0.256724 6.95365
2
-1 0.0104295 0.00584104 0.557919
1 0.114889 -0.241664 5.75333
9045
-0.126248 -0.0504745 0.649716
2
1 -0.108802 -0.00630473 2.0586
-1 -0.112078 -0.0798805 0.430666
9053
0.35158 -0.704294 15.2
2
1 0.0153785 -0.28937 4.57075
-1 0.10329 0.0220935 0.761035
9060
-0.0686561 0.227027 19.61
2
1 0.00589818 0.00262373 0.359919
-1 -0.0108646 0.0524014 3.94077
9067
-1.08979 6.58221 64.521
2
-1 0.121283 0.138309 2.55319
1 -0.215283 0.489314 3.5886
9070
0.563498 1.01302 13.8395
2
1 0.189389 0.154887 2.17462
-1 -0.0718514 0.0341527 0.510896
9077
-1.51724 -2.11497 29.5328
2
1 -0.106088 -0.214436 3.01727
-1 -0.10334 -0.070537 0.91138
9082
0.338158 -0.344844 7.33577
2
-1 0.184904 -0.0229364 0.89682
1 0.0151369 -0.221547 3.46873
9087
0.250796 -0.305257 10.9352
2
1 0.0796489 0.0112325 3.12025
-1 0.00584501 -0.11378 0.699647
9089
-2.96918 2.70732 60.7928
2
1 -0.157964 0.172672 4.07773
-1 -0.0575446 0.0265768 0.307169
9096
-0.170562 0.376453 6.29593
2
-1 0.0747296 0.0707795 0.489656
1 -0.116077 0.17761 3.86147
9109
0.95937 -1.58728 23.2882
2
-1 0.0949242 -0.0122346 0.381118
1 0.0723026 -0.264663 3.55422
9110
-9.60533 7.71641 121.51
2
1 -0.341849 0.158661 3.18213
-1 0.0469779 0.0786023 0.538617
9132
10.1517 6.93795 129.219
2
-1 -0.0246606 -0.00243632 0.544968
1 0.483815 0.313857 5.28299
9134
-3.16534 -5.79763 81.1704
2
-1 -0.133529 -0.0683054 3.05269
1 -0.0160087 -0.207897 0.819319
9145
1.68828 7.10619 60.4245
3
-1 0.166456 0.543302 4.75931
1 -0.0204728 0.0737124 0.477652
-1 0.092087 0.00744142 1.01215
9147
4.91911 0.764538 50.2804
2
1 0.587295 0.016768 6.49968
-1 0.193501 0.103255 1.5174
9150
0.165015 1.33141 31.8619
2
-1 0.0808378 0.0979296 0.820997
1 -0.0508061 0.137376 4.91974
9154
0.362231 2.04654 35.4155
2
1 -0.00557858 0.467093 5.25934
-1 0.0852712 -0.0413594 2.27992
9169
3.91363 -4.60357 66.9047
2
-1 0.000783525 -0.00273332 1.8436
1 0.43188 -0.50407 5.5022
9177
-0.435078 0.488255 6.59359
2
1 -0.0907523 0.307158 1.78506
-1 -0.0973073 -0.124798 0.903337
9180
0.647599 -0.676892 14.4868
2
1 0.171274 -0.345572 3.11705
-1 0.0768364 0.0971306 2.20419
9194
2.91381 -2.30554 37.0057
2
1 0.213415 -0.219867 3.58055
-1 0.149114 -0.0591117 1.0131
9210
1.17914 -0.638508 21.1367
2
1 0.255783 0.0734553 2.82428
-1 -0.0183809 -0.220644 1.73153
9211
-1.80163 -2.39033 33.4842
2
1 -0.208739 -0.20438 1.23354
-1 -0.00107431 -0.0768815 2.7365
9219
-0.17045 0.0563787 0.0876052
2
-1 0.00440604 -0.0315768 0.425393
1 0.042279 -0.0339537 0.605289
9220
-0.562793 -0.745779 24.7776
2
1 -0.217032 -0.110489 1.14685
-1 0.161308 0.0403022 1.27682
9233
-2.0134 7.26803 97.3564
2
-1 0.0322505 0.168083 1.35811
1 -0.179962 0.354899 5.63951
9234
3.11941 -2.08986 31.3601
2
-1 0.0593637 -0.132595 0.496618
1 0.25251 -0.0729684 2.63967
9248
-2.2293 -0.377525 20.6698
2
1 -0.225485 -0.194102 1.7644
-1 -0.0323288 0.151856 0.592103
9252
-0.0379161 0.216444 0.169243
1
1 -0.00714984 -0.0523412 0.54047
9270
3.56594 -3.28579 49.3106
2
1 0.287602 -0.00199899 2.93367
-1 0.199203 -0.433578 3.68457
9278
-0.934542 0.143396 11.2126
2
1 -0.627588 0.0374669 7.31122
-1 -0.0770973 0.0788633 0.878339
9325
2.26069 -0.323094 53.3339
2
-1 0.0271056 -0.171531 3.8572
1 0.271779 0.131597 3.0768
9332
-0.0490933 -0.0952654 1.01013
2
-1 -0.236361 -0.0371916 1.728
1 0.131043 -0.193511 2.47086
9343
0.38658 0.242194 4.45649
2
-1 0.14216 0.0599167 1.26234
1 0.292143 0.207819 4.02687
9354
-0.613729 -0.479412 11.3511
3
1 -0.302161 -0.203173 5.10087
-1 -0.00672579 -0.0251791 0.482769
1 -0.0142326 0.0154109 1.01247
9356
-0.085782 -0.00540859 0.159108
2
-1 -0.0824623 -0.0108915 1.35518
1 0.0320846 -0.00108692 0.437066
9369
0.218134 -0.246873 4.90674
2
-1 0.00175007 0.0539852 0.327638
1 0.204213 -0.228191 3.35614
9401
-0.0289739 -2.50675 32.7528
2
1 0.142074 -0.0488318 2.14931
-1 -0.155069 -0.457423 4.41403
9402
-0.0456106 0.135897 -0.264629
1
1 -0.0606517 -0.0464965 0.959978
9405
1.29924 -0.46745 49.4084
2
1 0.219192 -0.137342 6.33811
-1 -0.0260302 0.0754347 1.04742
9411
2.89009 -0.5328 27.8324
2
-1 0.129334 0.107501 2.01174
1 0.148044 -0.154461 0.641537
9440
0.236627 0.121525 0.13181
2
1 -0.0987182 0.00760571 1.02374
1 -0.0963271 0.00900786 1.2324
9444
-0.271962 -1.96645 20.786
2
-1 -0.190997 -0.475904 5.24671
1 0.0945627 -0.106766 0.927343
9463
-0.670515 -3.41575 68.4902
2
-1 -0.0272801 0.0571147 0.826715
1 -0.022235 -0.302452 4.12833
9483
3.03032 2.78379 69.3673
2
-1 -0.0625767 0.0455307 3.00111
1 0.329672 0.197 3.14327
9486
-1.11192 3.26917 35.4337
2
1 -0.197562 0.51718 5.37062
-1 0.0218739 0.0186532 0.404324
9539
0.244589 0.985755 30.2358
2
-1 0.0755874 -0.0406122 0.646775
1 -0.0482018 0.141521 2.72197
9540
-0.222016 -0.713081 20.1426
2
1 -0.233862 -0.0955795 4.54813
-1 0.159054 -0.123884 2.39551
9541
0.105858 0.024118 0.0518607
1
-1 -0.00785732 -0.0401291 1.17479
9547
-1.77097 -0.953074 18.2451
2
-1 -0.14989 -0.148998 1.62752
1 -0.546743 -0.244128 5.55134
9562
-0.567822 0.830417 11.4562
2
1 -0.102982 0.15952 2.45626
-1 -0.0232243 0.0103833 0.148777
9577
-1.01238 -1.28754 39.608
2
-1 -0.121545 -0.281141 5.34231
1 -0.038686 0.0782478 0.931238
9580
-0.594782 -0.334186 8.81849
2
1 -0.251323 -0.0468511 2.42946
-1 0.0654808 -0.0510986 0.375077
9594
-0.0218994 4.17932 152.025
2
-1 -0.0361789 -0.0656683 0.925952
1 0.0365227 0.25586 5.94048
9602
-0.3456 0.0592731 6.81646
2
1 -0.0647391 -0.0267019 2.84749
-1 -0.0797249 0.0680265 0.352997
9610
-0.63487 -3.76673 28.8223
2
-1 -0.0578482 -0.626978 3.52404
1 -0.0369469 0.00722112 1.21496
9617
1.21818 0.408553 20.2771
2
-1 0.110641 0.0137985 1.20909
1 0.189701 0.0998824 3.8709
9619
3.50738 7.59439 81.6936
2
-1 -0.0168816 0.0335071 0.512312
1 0.323312 0.631007 6.67278
9651
-0.531081 -6.77248 115.705
2
-1 0.121315 -0.319619 3.42756
1 -0.147267 0.0290998 1.56612
9653
-0.245796 -2.42548 25.5931
2
-1 0.02645 0.0643108 0.338134
1 -0.0405799 -0.275188 1.85152
9658
-0.15934 -0.721616 28.3265
2
1 0.0334964 -0.230088 1.64928
-1 -0.0628218 0.0932541 3.27451
9660
-2.75588 0.618166 36.1851
2
-1 0.0192288 0.0148419 1.07113
1 -0.508374 0.101249 5.39967
9663
6.70153e-06 -0.262851 2.22933
2
-1 -0.0111284 0.0129763 1.77089
1 0.0067937 -0.418826 1.94101
9677
0.136726 0.118188 1.66709
2
1 0.156757 0.612721 6.49288
-1 0.0857933 0.0311966 0.62724
9688
-0.155522 -0.024475 8.86621
2
1 -0.0499771 -0.207879 1.86229
-1 -0.0266945 0.198178 2.32776
9692
0.281228 -0.17174 3.63781
2
1 0.345702 0.0148941 2.45058
-1 -0.000554535 -0.220747 2.22694
9699
0.0340276 -0.0329948 4.79536
2
1 -0.0767355 -0.185976 1.93602
-1 0.119255 0.166982 2.753
9706
0.0641324 -0.00674659 0.832828
2
-1 0.138987 -0.059225 4.43372
1 0.133853 0.129771 1.07942
9712
-0.0213183 0.164546 -0.1959
2
1 0.03152 -0.0465261 0.737556
1 0.029775 -0.0229315 0.697754
9739
0.116226 0.0155687 1.28305
2
-1 0.013185 0.0501557 4.03862
1 0.282714 0.126707 2.13374
9748
4.33957 0.261874 56.8523
2
-1 0.0183513 -0.0754371 0.868107
1 0.327279 0.0933048 3.65146
9760
2.35814 1.42711 79.4406
2
-1 -0.048637 0.0865615 0.487398
1 0.141434 -0.0343166 2.67918
9768
-5.36045 -0.00410397 83.7308
2
-1 -0.0129033 0.0614176 1.28416
1 -0.417173 -0.063583 5.45752
9780
-0.227032 -0.0909356 4.43212
2
-1 -0.122193 -0.0477008 0.97622
1 -0.134066 -0.0522419 3.47528
9790
-1.09804 1.728 28.9465
2
1 -0.160709 0.251607 2.91601
-1 0.0356873 -0.05203 0.368799
9793
-6.85392 -1.76731 63.8576
2
-1 -0.243535 0.0392679 1.12286
1 -0.373819 -0.200218 4.6152
9794
-0.0790003 0.0365212 1.48824
2
-1 0.0200262 0.137523 1.86923
1 -0.303805 -0.165186 2.78937
9801
-0.11385 0.13949 1.835
2
-1 -0.0376914 -0.0883861 1.5818
1 -0.224843 0.35814 2.82218
9803
-0.0745456 0.0475316 0.75051
2
1 -0.153041 0.167912 3.0525
-1 0.035258 -0.0617791 0.654498
9807
-0.543763 -0.382092 8.95445
2
1 -0.139781 -0.213129 1.9542
-1 -0.00301828 0.123886 0.489491
9822
0.144661 0.0137577 6.61261
2
1 0.164349 -0.149283 4.88887
-1 -0.0316368 0.187218 2.5483
9834
2.50422 1.05779 45.9756
2
1 0.0361083 0.0926316 0.698574
-1 0.309277 0.0519805 5.44628
9838
0.513569 0.810693 56.4098
2
1 0.178495 0.194555 3.49701
-1 -0.116667 -0.0763327 4.09072
9840
-0.809419 -0.0372677 13.3271
2
-1 0.0618396 0.018144 0.58238
1 -0.314776 -0.0271887 3.52124
9843
0.151815 -0.0311406 2.30003
2
1 0.0213863 0.164758 1.84598
-1 0.271856 -0.171214 2.00709
9848
-0.349736 -0.363359 16.2157
2
1 0.119211 -0.0236924 1.06446
-1 -0.232923 -0.0927871 4.28434
9852
-0.158961 -0.106206 2.81979
2
-1 0.0716287 0.0764985 1.35645
1 -0.249057 -0.221359 1.77899
9870
-0.643621 -2.17197 37.663
2
1 0.0556376 -0.226339 1.58093
-1 -0.170044 -0.160686 5.16696
9888
0.0666162 -0.0901047 1.0784
2
-1 -0.0464651 -0.307595 2.82726
1 0.291962 -0.109771 1.95552
9909
2.15235 4.06196 58.1972
2
1 -0.0611757 0.0200843 2.34368
-1 0.26113 0.361548 3.21063
9917
-0.123559 0.256852 0.242391
1
1 -0.061231 -0.0233806 0.709679
9940
-1.37527 8.6009 122.289
2
-1 0.16413 0.216329 3.47558
1 -0.243355 0.273433 3.45684
9951
2.06117 0.317082 40.1481
2
-1 0.338596 0.0126787 2.63081
1 -0.0646988 0.0286333 2.79505
9955
-1.47151 -1.24609 92.2558
2
1 -0.0274145 -0.126216 3.4852
-1 -0.0457201 0.0693852 0.880064
9957
-0.0817904 0.143132 0.975557
2
-1 -0.00594581 0.314609 1.92828
1 -0.316935 0.0729492 2.81116
9962
-0.158863 -0.103468 0.0904314
1
-1 0.108003 0.0122945 1.25749
9978
-4.18024 -3.26341 79.9042
2
1 -0.303298 -0.25046 4.68107
-1 -0.00282616 0.00767637 1.21737
9989
-0.889841 -0.12439 19.5335
2
-1 0.00929457 -0.0935438 0.79459
1 -0.23691 0.0720484 4.34496
9991
1.19597 -4.37022 92.8313
2
-1 0.0800602 -0.00389625 1.3478
1 0.00613963 -0.31682 5.38175
10003
0.131121 0.229296 0.154567
1
1 -0.0555453 -0.0512639 0.844296
10023
0.0393139 -0.0132972 0.404782
2
-1 0.0401844 -0.371657 5.81356
1 -0.13137 -0.0699051 1.09001
10032
-0.882551 0.292778 19.8142
2
1 -0.284045 -0.00324032 5.00897
-1 0.00697108 0.0875784 1.16951
10047
0.0749507 0.525886 16.1785
2
1 0.0269437 -0.0949932 0.481315
-1 -0.0155995 0.201182 2.68745
10053
0.521655 0.452535 6.55474
2
-1 0.200648 0.0937918 3.27181
1 0.126396 0.202329 0.877716
10070
0.727565 0.520438 7.60358
2
1 0.109821 0.168235 2.00165
-1 0.134751 0.0216959 0.503856
10072
-0.921233 0.562373 61.404
2
-1 -0.0975284 -0.0272888 6.96397
1 -0.0248319 0.102449 1.04029
10091
0.0313891 1.90504 30.107
2
-1 0.0154572 0.177251 0.953915
1 -0.0049792 0.217593 5.16193
10097
-1.31754 -0.350365 14.1805
2
-1 -0.0578864 0.0878106 1.2653
1 -0.56769 -0.267067 5.42438
10100
-0.335809 0.353823 15.2607
2
-1 0.0606752 0.0704776 0.881837
1 -0.176013 0.0349114 3.99282
10114
-0.24236 -0.00890048 0.0954504
2
-1 0.0670908 -0.0694184 1.04471
1 -0.057952 0.0352193 1.91973
10123
0.972561 1.30857 23.0615
2
-1 -0.0173493 0.125659 0.58837
1 0.179995 0.101926 3.34077
10132
0.166821 0.234255 -0.0790826
1
1 -0.0138082 0.0342273 1.54322
10134
0.0905986 0.0229228 1.77144
2
1 0.107617 0.260366 2.00214
-1 0.201967 -0.0941187 3.28791
10178
-0.0947976 -0.052771 1.60955
2
1 -0.34638 -0.00715601 3.21916
-1 0.0177322 -0.064413 0.746273
10184
0.0173717 0.0394203 3.75715
2
-1 -0.0867736 0.0052723 0.753037
1 0.074246 0.0714128 2.92242
10185
-0.0994655 -0.00231322 -0.0843998
1
-1 -0.0502537 0.0421273 1.13128
10223
0.219358 -0.136219 5.80152
2
-1 -0.0996103 -0.0287687 3.77077
1 0.2691 -0.190561 3.50915
10225
0.797358 0.350625 13.5511
2
-1 0.198805 0.0564584 0.735324
1 1.99294e-05 0.0306034 2.49898
10230
0.13938 -0.00101055 4.58738
2
-1 0.0944753 0.0284463 5.05963
1 0.047384 -0.0372359 0.54078
10231
-0.0506468 -0.0321508 0.112861
1
-1 -0.0434742 -0.0120727 0.373912
10252
-0.414733 0.0830169 14.4439
2
1 -0.0369057 0.0645669 4.52727
-1 -0.109035 -0.0363227 1.08246
10257
3.98809 4.86952 53.572
2
-1 0.327551 0.128746 3.46702
1 0.0941899 0.383026 2.15841
10268
1.87402 1.58618 24.1939
2
-1 0.0392799 0.112222 0.51259
1 0.372418 0.247227 4.88149
10269
0.496491 2.66666 31.8745
2
-1 -0.0243141 0.0879501 0.791323
1 0.0730003 0.189144 2.50184
10277
-1.57012 0.531967 40.6696
2
-1 -0.12113 -0.104655 1.03398
1 -0.0730947 0.174587 4.06029
10282
-0.164966 0.0332819 2.43765
2
1 -0.409003 0.0752738 6.62872
-1 -0.0758645 -0.065142 0.666656
10288
-0.206107 -0.123851 2.73585
3
1 -0.141219 -0.216 3.7291
-1 -0.201607 -0.0627938 0.860642
1 -0.0155666 0.067923 0.653207
10297
-0.641731 0.574452 15.3615
2
1 -0.304042 0.0516349 2.56586
-1 0.116787 0.124539 1.86904
10305
-6.41586 -1.69936 76.0081
2
-1 -0.14262 0.139392 1.45708
1 -0.31189 -0.256153 3.8908
10312
2.04487 -1.10784 31.898
2
1 0.215999 -0.0910178 3.9839
-1 0.0651031 -0.0633344 0.358551
10326
-0.094574 0.227099 4.23082
2
1 -0.0205102 0.41697 4.26861
-1 -0.102984 -0.0607431 1.63913
10328
-0.162838 -0.210979 0.0404426
1
1 -0.0337483 0.0324085 0.564026
10344
-0.15347 -0.210218 0.0614982
1
-1 -0.00891878 -0.0389148 0.545103
10353
-0.103214 0.0951772 2.02269
2
1 -0.165039 0.0789319 2.19696
-1 0.00137026 0.0034134 0.701113
10355
0.0801372 0.0686199 5.82859
2
-1 0.131864 0.093588 4.88296
1 -0.0899159 -0.0584247 0.90632
10364
-0.0779851 -0.0267683 0.19561
1
-1 0.0623988 -0.00556329 1.05778
10392
-0.0747997 0.144024 2.30088
2
-1 0.0255855 -0.0337053 0.537148
1 -0.0922732 0.46639 4.34912
10395
0.102295 -2.72023 30.3664
2
1 -0.175576 -0.221112 2.78986
-1 0.185333 -0.132741 1.25462
